id,inn,half,scoreA,scoreB,ball,strk,out,b1,b2,b3,b1Idx,b2Idx,b3Idx,pCnt,pSec,pName,pHand,pType,pPow,spdK,zoneX,zoneY,startX,startY,targetX,targetY,zDist,pitchAngle,pOver,pSide,pUnder,call,balk,sH,sV,gyro,plx,plz,bSwing,bIdx,bPos,bZone,bName,bHCm,batLen,batCen,batType,bFps,bOS,bVR,hSec,rotS,rotL,shS,lgS,prepS,batSpd,ev,ldeg,sdeg,hPos,buntGrip,handDist,angVeloX,angVeloY,angVeloZ,PPosX,PPosY,PThrSpd,CName,CPosX,CPosY,CThrSpd,1BName,1BPosX,1BPosY,1BThrSpd,2BName,2BPosX,2BPosY,2BThrSpd,3BName,3BPosX,3BPosY,3BThrSpd,SSName,SSPosX,SSPosY,SSThrSpd,LFName,LFPosX,LFPosY,LFThrSpd,CFName,CFPosX,CFPosY,CFThrSpd,RFName,RFPosX,RFPosY,RFThrSpd,ltSec,lx,lz,cSec,cPos,cPlr,cx,cz,1BSafe,tag,cpSec,sb2Sec,sb3Sec,sbhSec,ass,result
1,1,1,0,0,0,0,0,0,0,0,255,255,255,0,231.729,"Pugeuk",R,14,74,101,1.109,-0.029,0.376,1.889,-0.214,1.954,-36.693,21.685,90,10,0,2,0,381.234,278.577,7.507,0,0,1,0,2,R,"Yes_Man_",190,84.826,0.502,3,40,W,Y,232.914,168,108,113,96,96,145,99,91.916,-54.766,-0.42,0,0.632,-257.534,-42.737,-19.729,0.343,-37.561,0,"Azuner",-0.013,-17.832,104,"xoxo_nemu",-21.013,-46.211,0,"Ѕeyeon",-15.133,-63.747,0,"P0TA0",19.143,-46.554,0,"눈꽃",9.616,-66.468,0,"Pring__",48.388,-102.395,0,"AI",0,-109.84,0,"AI",-40.8,-90.55,0,0,0,0,239.701,1,"Azuner",-5.092,-20.653,0,0,239.701,,,,17,1
2,1,1,0,0,0,0,1,0,0,0,255,255,255,1,260.377,"Pugeuk",R,13,62,92,0.235,0.05,0.737,2.005,0.737,2.129,-36.693,54.35,84,16,0,2,0,-326.545,312.348,-12.16,0,0,1,1,3,R,"_Gosomi",175.3,86.038,0.48,3,39,W,Y,261.621,255,63,60,106,36,138,107,2.909,-10.119,0.9,0,0.477,48.313,198.53,-402.891,0.2,-37.412,0,"Azuner",0.025,-17.913,0,"xoxo_nemu",-20.483,-45.539,87,"Ѕeyeon",-15.208,-63.307,0,"P0TA0",18.547,-47.192,0,"눈꽃",6.31,-66.919,103,"Pring__",43.785,-108.258,0,"AI",0,-109.84,0,"AI",-40.8,-90.55,0,262.301,4.591,-49.313,263.154,5,"눈꽃",6.578,-60.218,0,0,269.487,,,,57,2
3,1,1,0,0,0,0,2,0,0,0,255,255,255,2,283.774,"Pugeuk",R,29,83,135,-1.876,0.752,0.32,1.653,-0.581,1.986,-36.693,19.033,60,40,0,2,0,-196.175,-107.945,11.964,0,0,1,2,1,L,"encounter v",190,90.067,0.45,3,39,W,Y,284.769,255,107,93,86,52,145,90,64.407,56.454,-0.83,0,0.356,524.419,-144.739,248.906,0.127,-37.202,0,"Azuner",-0.066,-17.77,0,"xoxo_nemu",-20.991,-46.072,0,"Ѕeyeon",-11.868,-65.25,0,"P0TA0",18.63,-45.036,0,"눈꽃",16.291,-65.203,0,"Pring__",55.488,-102.163,0,"AI",0,-109.84,0,"AI",-40.8,-90.55,0,289.981,-52.797,-51.952,0,0,"",0,0,0,0,,,,,1,3
4,1,1,0,0,0,1,2,0,0,0,255,255,255,3,300.098,"Pugeuk",R,6,81,118,1.451,1.604,0.395,1.847,-0.233,2.616,-36.693,20.084,93,7,0,2,0,500,0,-1.814,0,0,1,2,1,L,"encounter v",190,90.067,0.45,3,43,W,Y,301.179,178,77,93,54,43,145,97,-30,-46.402,0.95,0,0.405,288.584,-295.195,-88.671,0.402,-37.264,0,"Azuner",0.082,-17.78,0,"xoxo_nemu",-20.555,-44.89,0,"Ѕeyeon",-13.376,-66.637,0,"P0TA0",19.666,-45.369,0,"눈꽃",15.854,-66.163,0,"Pring__",55.183,-101.84,0,"AI",0,-109.84,0,"AI",-40.8,-90.55,0,300.967,3.354,-22.097,0,0,"",0,0,0,0,,,,,1,3
5,1,1,0,0,0,2,2,0,0,0,255,255,255,4,314.245,"Pugeuk",R,14,86,110,1.745,-0.833,0.454,1.685,0.029,1.513,-36.693,23.247,54,46,0,2,0,383.999,320.227,10.2,0,0,1,2,1,L,"encounter v",190,90.067,0.45,3,43,W,Y,315.315,247,60,140,115,60,145,112,-4.109,25.49,0.91,0,0.533,-12.149,-181.753,-314.687,0.481,-37.66,0,"Azuner",0.134,-17.816,0,"xoxo_nemu",-20.925,-46.406,0,"Ѕeyeon",-12.698,-64.877,99,"P0TA0",19.222,-45.56,0,"눈꽃",18.615,-64.087,0,"Pring__",57.224,-103.303,0,"AI",0,-109.84,0,"AI",-40.807,-90.557,0,315.314,-3.923,-30.572,317.021,3,"Ѕeyeon",-17.035,-61.696,0,0,352.314,,,,78,2
6,1,0,0,0,0,0,0,0,0,0,255,255,255,0,486.204,"Rite_",R,32,81,132,-0.605,-0.143,0.177,1.574,-0.589,1.408,-36.437,8.437,0,100,0,2,0,223.002,-123.451,0,0,0,1,0,0,R,"Pugeuk",190,86.201,0.347,3,37,W,Y,487.297,229,65,122,75,32,145,116,90.542,9.376,0.8,0,0.666,-24.363,587.214,83.775,0.234,-37.403,0,"encounter v",-0.135,-17.854,0,"Yes_Man_",-21.155,-46.115,0,"_Gosomi",-16.087,-62.515,0,"Muna_328",24.804,-51.706,0,"CoalCat",10.794,-64.059,0,"AI",40.9,-90.65,0,"うよすま",-5.756,-116.107,0,"AI",-40.8,-90.55,0,494.941,-1.47,-19.309,0,0,"",0,0,0,0,,,,,64,3
7,1,0,0,0,0,1,0,0,0,0,255,255,255,1,513.292,"Rite_",R,32,77,127,-1.151,-0.005,0.125,1.611,-0.827,1.528,-36.437,4.773,0,100,0,0,0,213.926,-79.124,0,0,0,1,0,0,R,"Pugeuk",190,86.201,0.347,0,65,W,Y,0,0,0,0,0,0,0,0,0,0,0,0,0,0,0,0,0.155,-38.108,0,"encounter v",-0.038,-17.616,0,"Yes_Man_",-22.049,-46.625,0,"_Gosomi",-15.95,-62.205,0,"Muna_328",24.775,-51.647,0,"CoalCat",10.366,-64.801,0,"AI",40.9,-90.65,0,"うよすま",-5.858,-120.953,0,"AI",-40.8,-90.55,0,0,0,0,0,0,"",0,0,0,0,514.287,,,,0,0
8,1,0,0,0,0,2,0,0,0,0,255,255,255,2,526.439,"Rite_",R,3,62,108,-2.821,-0.865,0.172,1.473,-0.609,1.082,-36.437,13.751,0,100,0,4,0,-336.697,0,0,0,0,1,0,0,R,"Pugeuk",190,86.201,0.347,0,65,W,Y,0,0,0,0,0,0,0,0,0,0,0,0,0,0,0,0,-0.041,-38.177,0,"encounter v",-0.106,-17.636,0,"Yes_Man_",-20.293,-44.732,0,"_Gosomi",-15.688,-62.266,0,"Muna_328",24.764,-51.629,0,"CoalCat",10.378,-64.838,0,"AI",40.9,-90.65,0,"うよすま",-3.978,-117.863,0,"AI",-40.8,-90.55,0,0,0,0,0,0,"",0,0,0,0,527.594,,,,0,0
9,1,0,0,0,0,0,1,0,0,0,255,255,255,3,544.857,"Rite_",R,33,74,126,4.49,0.918,0.684,1.788,1.771,2.101,-36.437,41.64,24,76,0,4,0,126.15,-85.11,0,0,0,1,1,6,L,"Pring__",190,93.089,0.485,0,37,W,Y,0,0,0,0,0,0,0,0,0,0,0,0,0,0,0,0,0.239,-37.934,0,"encounter v",0.093,-17.647,0,"Yes_Man_",-20.777,-45.031,0,"_Gosomi",-12.472,-63.467,0,"Muna_328",25.884,-51.005,0,"CoalCat",12.953,-62.812,0,"AI",40.9,-90.65,0,"うよすま",7.503,-122.002,0,"AI",-40.8,-90.55,0,0,0,0,0,0,"",0,0,0,0,545.901,,,,0,0
10,1,0,0,0,0,1,1,0,0,0,255,255,255,4,559.653,"Rite_",R,32,74,125,0.748,0.276,0.311,1.657,0.035,1.677,-36.437,5.262,0,100,0,2,0,182.834,-106.992,0,0,0,1,1,6,L,"Pring__",190,93.089,0.485,3,37,W,Y,560.659,255,147,92,113,99,145,95,23.652,9.391,0.96,0,0.603,13.268,-228.691,-161.976,0.187,-37.189,0,"encounter v",-0.072,-17.801,0,"Yes_Man_",-22.061,-46.552,0,"_Gosomi",-12.389,-63.381,85,"Muna_328",25.462,-50.975,0,"CoalCat",13.009,-62.599,83,"AI",40.9,-90.65,0,"うよすま",6.067,-121.498,116,"AI",-40.8,-90.55,0,564.874,-8.211,-102.172,565.607,7,"うよすま",-8.435,-105.884,1,0,,,,,114,2
11,1,0,0,0,0,0,1,1,0,0,16,255,255,5,587.388,"Rite_",R,32,78,128,-0.964,0.056,0.159,1.622,-0.67,1.565,-36.437,18.43,0,100,0,0,0,191.31,-82.875,0,0,0,0,2,2,R,"xoxo_nemu",190,90.083,0.5,0,37,W,Y,0,0,0,0,0,0,0,0,0,0,0,0,0,0,0,0,-0.054,-38.224,0,"encounter v",-0.058,-17.613,0,"Yes_Man_",-18.754,-43.177,0,"_Gosomi",-14.932,-62.959,0,"Muna_328",23.607,-50.941,0,"CoalCat",8.181,-62.913,0,"AI",40.9,-90.65,0,"うよすま",-5.115,-116.361,0,"AI",-40.8,-90.55,0,0,0,0,0,0,"",0,0,0,0,588.541,,,,0,0
12,1,0,0,0,0,1,1,1,0,0,16,255,255,6,603.405,"Rite_",R,34,63,117,-0.344,-0.287,0.242,1.564,-0.284,1.375,-36.437,15.302,0,100,0,2,0,75.416,-56.31,0,0,0,0,2,2,R,"xoxo_nemu",190,90.083,0.5,3,37,W,Y,604.662,114,75,89,69,39,137,130,-6.603,37.186,0.58,0,0.182,-491.533,275.584,-50.533,0.289,-37.642,0,"encounter v",-0.135,-17.829,0,"Yes_Man_",-19.187,-43.995,101,"_Gosomi",-14.911,-62.943,0,"Muna_328",24.298,-52.786,0,"CoalCat",8.268,-62.818,102,"AI",40.9,-90.65,0,"うよすま",-5.571,-119.224,0,"AI",-40.8,-90.55,0,604.447,-4.464,-25.124,605.407,2,"Yes_Man_",-17.052,-41.432,0,0,,,,,17,2
13,2,1,0,0,0,0,0,0,0,0,255,255,255,5,652.642,"Pugeuk",R,38,32,84,-0.854,-0.878,0.342,1.518,-0.321,1.153,-36.693,17.492,39,61,0,0,0,-27.833,40.333,0.876,0,0,1,3,4,R,"Muna_328",190,89.724,0.4,0,37,W,Y,0,0,0,0,0,0,0,0,0,0,0,0,0,0,0,0,0.305,-37.62,0,"Azuner",0.018,-17.528,0,"xoxo_nemu",-20.304,-44.921,0,"Ѕeyeon",-15.35,-63.596,0,"P0TA0",17.564,-47.871,0,"눈꽃",10.883,-66.106,0,"Pring__",47.833,-100.37,0,"AI",0,-109.84,0,"AI",-40.8,-90.55,0,0,0,0,0,0,"",0,0,0,0,653.861,,,,0,0
14,2,1,0,0,0,1,0,0,0,0,255,255,255,6,665.403,"Pugeuk",R,26,88,140,2.53,0.674,0.681,1.819,1.098,1.876,-36.693,31.921,87,13,0,2,0,-12.521,-174.517,16.742,0,0,0,3,4,R,"Muna_328",190,89.724,0.4,3,37,W,Y,666.464,161,36,0,0,0,9,45,-80.374,4.11,0.94,0,0.64,-412.597,373.194,185.644,0.4,-37.097,99,"Azuner",0.091,-17.548,0,"xoxo_nemu",-20.4,-45.782,72,"Ѕeyeon",-15.327,-63.552,0,"P0TA0",18.321,-47.382,0,"눈꽃",11.054,-67.598,0,"Pring__",47.809,-100.421,0,"AI",0,-109.84,0,"AI",-40.808,-90.557,0,666.141,0.432,-18.964,668.767,0,"Pugeuk",-4.308,-29.251,0,0,,,,,5,2
15,2,1,0,0,0,0,1,0,0,0,255,255,255,7,686.749,"Pugeuk",R,13,61,92,2.272,-0.128,0.938,1.884,1.529,1.981,-36.693,45.765,51,49,0,1,0,-326.545,312.348,-37.971,0,0,0,4,5,R,"CoalCat",168.4,82.838,0.435,0,37,W,Y,0,0,0,0,0,0,0,0,0,0,0,0,0,0,0,0,0.183,-37.437,0,"Azuner",0.166,-17.614,0,"xoxo_nemu",-20.268,-45.808,0,"Ѕeyeon",-16.177,-63.002,0,"P0TA0",18.348,-45.8,0,"눈꽃",14.342,-65.287,0,"Pring__",47.661,-98.824,0,"AI",0,-109.84,0,"AI",-40.8,-90.55,0,0,0,0,0,0,"",0,0,0,0,688.207,,,,0,0
16,2,1,0,0,1,0,1,0,0,0,255,255,255,8,698.391,"Pugeuk",R,29,81,132,-0.803,1.103,0.444,1.845,-0.005,2,-36.693,27.855,92,8,0,0,0,-242.774,-200,14.494,0,0,0,4,5,R,"CoalCat",168.4,82.838,0.435,0,37,W,Y,0,0,0,0,0,0,0,0,0,0,0,0,0,0,0,0,0.487,-37.54,0,"Azuner",-0.035,-17.697,0,"xoxo_nemu",-20.304,-45.129,0,"Ѕeyeon",-16.047,-63.122,0,"P0TA0",18.601,-45.945,0,"눈꽃",12.212,-65.114,0,"Pring__",47.608,-98.804,0,"AI",0,-109.84,0,"AI",-40.8,-90.55,0,0,0,0,0,0,"",0,0,0,0,699.434,,,,0,0
17,2,1,0,0,1,1,1,0,0,0,255,255,255,9,711.221,"Pugeuk",R,3,63,105,-0.16,1.494,0.694,1.935,0.898,2.444,-36.693,59.893,88,12,0,2,0,-477.273,0,32.539,0,0,1,4,5,R,"CoalCat",168.4,82.838,0.435,3,37,W,Y,712.515,255,141,96,91,83,145,96,61.906,45.448,-0.14,0,0.626,161.059,-147.665,-253.397,0.104,-37.505,0,"Azuner",-0.017,-17.784,0,"xoxo_nemu",-20.211,-45.61,0,"Ѕeyeon",-16.05,-63.118,0,"P0TA0",18.282,-46.807,0,"눈꽃",15.352,-66.54,0,"Pring__",47.668,-98.815,0,"AI",0,-109.84,0,"AI",-40.8,-90.55,0,718.287,-42.568,-68.423,722.46,5,"눈꽃",-1.506,-59.43,0,0,,,,,33,1
18,2,1,0,0,0,0,2,0,0,0,255,255,255,10,735.693,"Pugeuk",R,13,65,94,-0.425,-0.627,0.563,1.821,0.365,1.82,-36.693,30.179,58,42,0,0,0,-287.638,369.733,-14.822,0,0,1,5,7,R,"うよすま",174.5,85.385,0.5,0,48,W,Y,0,0,0,0,0,0,0,0,0,0,0,0,0,0,0,0,0.036,-37.665,0,"Azuner",0.031,-17.808,0,"xoxo_nemu",-20.86,-46.043,0,"Ѕeyeon",-16.82,-62.015,0,"P0TA0",18.488,-46.189,0,"눈꽃",12.437,-64.233,0,"Pring__",42.976,-103.304,0,"AI",0,-109.84,0,"AI",-40.806,-90.556,0,0,0,0,0,0,"",0,0,0,0,736.7,,,,0,0
19,2,1,0,0,0,1,2,0,0,0,255,255,255,11,748.394,"Pugeuk",R,6,84,108,-0.613,-0.29,0.052,1.661,-1.22,1.444,-36.693,4.346,46,54,0,0,0,490.909,0,25.953,0.206,-19.017,0,5,7,R,"うよすま",174.5,85.385,0.5,0,48,W,Y,0,0,0,0,0,0,0,0,0,0,0,0,0,0,0,0,0.09,-37.173,0,"Azuner",0.196,-18.181,0,"xoxo_nemu",-20.66,-45.982,0,"Ѕeyeon",-16.462,-62.171,0,"P0TA0",18.713,-46.471,0,"눈꽃",12.892,-64.486,0,"Pring__",42.9,-103.251,0,"AI",0,-109.84,0,"AI",-40.806,-90.556,0,0,0,0,0,0,"",0,0,0,32,751.261,,,,0,0
20,2,1,0,0,0,2,2,0,0,0,255,255,255,12,762.845,"Pugeuk",R,26,89,140,0.51,1.105,0.535,1.664,0.419,2.054,-36.693,22.425,61,38,1,2,0,-155.149,-200,15.203,0,0,1,5,7,R,"うよすま",174.5,85.385,0.5,3,48,W,Y,763.82,148,52,127,26,0,145,126,33.309,0.594,0.65,0,0.367,-172.575,180.036,-36.916,0.377,-37.142,0,"Azuner",-0.002,-17.827,0,"xoxo_nemu",-20.662,-45.995,0,"Ѕeyeon",-16.479,-62.18,0,"P0TA0",17.911,-47.25,0,"눈꽃",11.654,-66.896,0,"Pring__",43.039,-103.375,0,"AI",0,-109.84,0,"AI",-40.806,-90.556,0,768.7,-5.833,-127.217,0,0,"",0,0,0,0,,,,,64,1
21,2,0,0,0,0,0,0,0,0,0,255,255,255,7,817.694,"Rite_",R,32,84,136,-0.43,0.27,0.198,1.653,-0.488,1.665,-36.437,7.508,0,100,0,2,0,248.11,-129.08,0,0,0,0,3,4,R,"P0TA0",190,96.215,0.525,3,37,W,Y,818.58,255,53,141,71,16,145,89,39.841,-42.239,-0.86,0,0.192,-78.784,472.632,-66.332,0.516,-37.66,0,"encounter v",-0.168,-17.774,0,"Yes_Man_",-21.653,-45.963,0,"_Gosomi",-16.09,-61.993,0,"Muna_328",23.73,-52.795,0,"CoalCat",9.998,-63.126,84,"AI",40.9,-90.65,0,"うよすま",-3.144,-117.261,0,"AI",-40.8,-90.55,0,822.727,41.447,-76.604,827.274,0,"Rite_",3.114,-40.704,0,0,,,,,80,1
22,2,0,0,0,1,0,1,0,0,0,255,255,255,8,863.148,"Rite_",R,32,78,129,4.457,1.004,0.646,1.758,1.595,2.042,-36.437,54.36,0,100,0,3,0,247.949,-80.812,0,0.838,-20.943,0,4,3,R,"Ѕeyeon",170.6,80,0.4,0,37,W,Y,0,0,0,0,0,0,0,0,0,0,0,0,0,0,0,0,0.224,-38.048,0,"encounter v",-0.011,-17.726,0,"Yes_Man_",-20.892,-45.384,0,"_Gosomi",-16.404,-62.913,0,"Muna_328",20.102,-48.69,0,"CoalCat",9.706,-62.88,0,"AI",40.9,-90.65,0,"うよすま",-4.517,-112.107,0,"AI",-40.8,-90.55,0,0,0,0,0,0,"",0,0,0,0,,,,,0,6
23,2,0,0,0,3,0,1,0,0,0,255,255,255,9,885.087,"Rite_",R,32,83,135,-1.061,-0.407,0.153,1.547,-0.697,1.282,-36.437,11.582,0,100,0,0,0,164.678,-89.324,0,0,0,0,4,3,R,"Ѕeyeon",170.6,80,0.4,0,37,W,Y,0,0,0,0,0,0,0,0,0,0,0,0,0,0,0,0,0.341,-37.977,0,"encounter v",-0.121,-17.788,0,"Yes_Man_",-20.234,-44.693,0,"_Gosomi",-16.365,-62.978,0,"Muna_328",20.083,-48.644,0,"CoalCat",10.076,-62.88,0,"AI",40.9,-90.65,0,"うよすま",-3.813,-109.572,0,"AI",-40.8,-90.55,0,0,0,0,0,0,"",0,0,0,0,886.021,,,,0,0
24,2,0,0,0,3,1,1,0,0,0,255,255,255,10,899.086,"Rite_",R,32,80,131,0.694,-0.099,0.305,1.595,0.007,1.454,-36.437,4.817,0,100,0,0,0,197.966,-86.231,0,0,0,1,4,3,R,"Ѕeyeon",170.6,80,0.4,0,37,W,Y,0,0,0,0,0,0,0,0,0,0,0,0,0,0,0,0,0.217,-37.837,0,"encounter v",-0.098,-17.716,0,"Yes_Man_",-20.672,-45.198,0,"_Gosomi",-16.062,-63.165,0,"Muna_328",20.088,-48.645,0,"CoalCat",10.504,-62.691,0,"AI",40.9,-90.65,0,"うよすま",-2.954,-109.571,0,"AI",-40.8,-90.55,0,0,0,0,0,0,"",0,0,0,0,900.021,,,,0,0
25,2,0,0,0,3,2,1,0,0,0,255,255,255,11,913.617,"Rite_",R,32,72,124,2.516,0.596,0.486,1.699,0.848,1.831,-36.437,32.538,0,100,0,2,0,150.155,-92.761,0,0,0,1,4,3,R,"Ѕeyeon",170.6,80,0.4,3,37,W,Y,914.635,238,101,70,100,58,145,91,44.287,-14.14,-0.45,0,0.506,535.682,75.648,257.229,0.189,-37.351,0,"encounter v",-0.032,-17.833,0,"Yes_Man_",-21.165,-46.209,0,"_Gosomi",-15.979,-63.129,79,"Muna_328",20.071,-48.524,0,"CoalCat",10.622,-62.564,0,"AI",40.9,-90.65,0,"うよすま",-3.212,-108.906,114,"AI",-40.8,-90.55,0,919.941,15.041,-85.987,920.514,7,"うよすま",15.339,-87.354,1,0,,,,,98,2
26,2,0,0,0,0,0,1,1,0,0,13,255,255,12,942.129,"Rite_",R,0,53,109,-5.232,-2.639,0.039,1.42,-2.106,0.226,-36.437,20.379,9,91,0,3,0,0,0,0,-0.596,-19.977,0,5,5,L,"눈꽃",169.9,85,0.497,0,84,W,Y,0,0,0,0,0,0,0,0,0,0,0,0,0,0,0,0,0.278,-37.436,0,"encounter v",0.259,-18.475,0,"Yes_Man_",-19.713,-43.564,0,"_Gosomi",-4.409,-62.764,0,"Muna_328",25.329,-50.393,0,"CoalCat",11.867,-61.579,0,"AI",40.9,-90.65,0,"うよすま",3.138,-115.436,0,"AI",-40.8,-90.55,0,0,0,0,0,0,"",0,0,0,0,944.634,,,,0,6
27,2,0,0,0,2,0,1,1,0,0,15,255,255,13,963.96,"Rite_",R,32,78,128,1.478,0.372,0.38,1.667,0.358,1.717,-36.437,6.257,0,100,0,2,0,180.027,-55.513,0,0,0,1,5,5,L,"눈꽃",169.9,85,0.497,3,84,W,Y,965.217,255,179,147,22,41,145,105,26.311,15.498,0.87,0,0.456,366.76,-101.491,-448.105,0.237,-37.754,0,"encounter v",-0.025,-17.975,120,"Yes_Man_",-20.197,-44.591,120,"_Gosomi",-9.271,-63.616,86,"Muna_328",25.232,-50.241,0,"CoalCat",13.527,-62.339,101,"AI",40.9,-90.65,0,"うよすま",2.89,-115.128,0,"AI",-40.8,-90.55,0,969.874,-21.24,-110.44,973.301,7,"うよすま",-24.621,-131.422,1,16,983.527,970.873,975.323,984.394,119,2
28,2,0,0,0,0,0,2,0,1,0,255,15,255,14,1006.543,"Rite_",R,32,78,129,-0.095,-0.257,0.23,1.565,-0.339,1.379,-36.437,5.922,0,100,0,0,0,230.225,-71.566,0,0,0,0,6,1,L,"Azuner",190,80,0.297,0,37,W,Y,0,0,0,0,0,0,0,0,0,0,0,0,0,0,0,0,0.09,-37.974,0,"encounter v",0.031,-17.748,0,"Yes_Man_",-22.152,-46.946,0,"_Gosomi",-5.935,-64.73,0,"Muna_328",22.54,-45.087,0,"CoalCat",13.863,-61.489,0,"AI",40.9,-90.65,0,"うよすま",5.392,-120.126,0,"AI",-40.8,-90.55,0,0,0,0,0,0,"",0,0,0,0,1007.594,1009.574,,,0,0
29,2,0,0,0,0,1,2,0,1,0,255,15,255,15,1022.961,"Rite_",R,0,49,106,-4.851,-1.555,0.078,1.507,-2.03,0.755,-36.437,18.508,0,100,0,3,0,0,0,0,-0.978,-20.224,0,6,1,L,"Azuner",190,80,0.297,0,37,W,Y,0,0,0,0,0,0,0,0,0,0,0,0,0,0,0,0,0.798,-37.075,0,"encounter v",-0.467,-18.302,0,"Yes_Man_",-22.175,-46.901,0,"_Gosomi",-1.608,-60.857,0,"Muna_328",23.03,-47.206,0,"CoalCat",12.79,-61.792,0,"AI",40.9,-90.65,0,"うよすま",6.102,-119.012,0,"AI",-40.8,-90.55,0,0,0,0,0,0,"",0,0,0,0,1026.527,1025.825,,,0,6
30,2,0,0,0,2,1,2,0,1,0,255,15,255,16,1050.364,"Rite_",R,33,84,137,4.382,0.7,0.68,1.758,1.75,2.003,-36.437,43.683,0,100,0,1,0,101.458,-50.045,0,0,0,0,6,1,L,"Azuner",190,80,0.297,0,37,W,Y,0,0,0,0,0,0,0,0,0,0,0,0,0,0,0,0,0.185,-38.301,0,"encounter v",0.099,-17.701,0,"Yes_Man_",-21.021,-45.649,0,"_Gosomi",-2.756,-62.587,0,"Muna_328",22.881,-46.715,0,"CoalCat",13.012,-60.981,0,"AI",40.9,-90.65,0,"うよすま",6.741,-120.242,0,"AI",-40.8,-90.55,0,0,0,0,0,0,"",0,0,0,0,1051.367,1053.636,,,0,0
31,2,0,0,0,3,1,2,0,1,0,255,15,255,17,1067.795,"Rite_",R,32,77,127,-3.009,-1.609,0.132,1.487,-1.637,0.567,-36.437,17.265,0,100,0,1,0,213.073,-24.82,0,0,0,0,6,1,L,"Azuner",190,80,0.297,0,37,W,Y,0,0,0,0,0,0,0,0,0,0,0,0,0,0,0,0,0.222,-38.071,0,"encounter v",-0.041,-17.804,0,"Yes_Man_",-21.006,-45.711,0,"_Gosomi",-3.188,-62.582,0,"Muna_328",22.833,-46.37,0,"CoalCat",12.902,-60.95,0,"AI",40.9,-90.65,0,"うよすま",5.906,-120.214,0,"AI",-40.8,-90.55,0,0,0,0,0,0,"",0,0,0,0,1068.86,1070.983,,,0,5
32,2,0,0,0,0,0,2,1,1,0,11,15,255,18,1093.226,"Rite_",R,32,78,128,-4,0.959,0.308,1.667,0.025,1.71,-36.437,2.434,0,100,0,2,0,175.866,-43.131,0,0,0,1,0,0,R,"Pugeuk",190,86.201,0.347,3,37,W,Y,1094.351,191,45,111,65,28,145,130,26.435,14.064,0.68,0,0.588,-69.848,580.86,-64.706,0.347,-37.79,0,"encounter v",-0.058,-17.891,0,"Yes_Man_",-21.048,-45.645,0,"_Gosomi",-11.936,-64.297,0,"Muna_328",19.763,-47.742,0,"CoalCat",9.309,-61.838,80,"AI",40.9,-90.65,0,"うよすま",-4.287,-115.463,0,"AI",-40.8,-90.55,0,1098.874,-41.582,-122.899,1100.234,8,"AI",-41.552,-116.868,1,0,,1099.457,1098.303,1103.023,80,2
33,2,0,0,1,0,0,2,0,1,1,255,10,11,19,1124.608,"Rite_",R,33,74,126,3.11,0.465,0.543,1.705,1.115,1.831,-36.437,19.753,0,100,0,2,0,147.215,-70.219,0,0,0,1,1,6,L,"Pring__",190,93.089,0.485,3,37,W,Y,1125.723,255,126,77,95,81,145,95,28.048,-12.321,0.96,0,0.805,123.267,-218.589,-321.637,0.016,-37.885,0,"encounter v",0.064,-17.855,0,"Yes_Man_",-21.797,-46.432,0,"_Gosomi",-11.92,-64.625,55,"Muna_328",21.163,-45.415,0,"CoalCat",13.032,-60.986,0,"AI",40.9,-90.65,0,"うよすま",-1.979,-122.214,0,"AI",-40.8,-90.55,0,1129.994,22.803,-96.953,1132.127,7,"うよすま",28.496,-113.486,1,1,1137.341,1136.063,1128.492,1136.119,39,2
34,3,1,0,2,0,0,0,0,0,0,255,255,255,13,1181.52,"Pugeuk",R,29,79,129,-0.944,1.183,0.436,1.713,-0.043,2.18,-36.693,25.668,55,45,0,1,0,-250,-182.367,33.165,0,0,0,6,2,R,"Rite_",190,80,0.455,0,47,W,Y,0,0,0,0,0,0,0,0,0,0,0,0,0,0,0,0,0.099,-37.278,0,"Azuner",0.014,-17.766,0,"xoxo_nemu",-20.725,-46.127,0,"Ѕeyeon",-13.26,-63.784,0,"P0TA0",19.766,-45.901,0,"눈꽃",11.718,-65.183,0,"Pring__",47.816,-97.789,0,"AI",0,-109.84,0,"AI",-40.8,-90.55,0,0,0,0,0,0,"",0,0,0,0,1182.394,,,,0,0
35,3,1,0,2,1,0,0,0,0,0,255,255,255,14,1193.814,"Pugeuk",R,26,79,129,0.786,0.386,0.484,1.871,0.435,1.651,-36.693,33.105,86,14,0,2,0,-70.798,-200,11.391,0,0,1,6,2,R,"Rite_",190,80,0.455,3,47,W,Y,1195.06,170,126,94,71,34,145,130,111.453,0.101,0.6,0,0.211,-82.271,118.565,-58.111,0.206,-37.348,0,"Azuner",0.053,-17.8,0,"xoxo_nemu",-20.777,-46.123,0,"Ѕeyeon",-13.254,-63.766,0,"P0TA0",18.285,-47.272,0,"눈꽃",11.287,-64.961,0,"Pring__",47.796,-97.718,0,"AI",0,-109.84,0,"AI",-40.8,-90.55,0,0,0,0,0,0,"",0,0,0,0,,,,,1,3
36,3,1,0,2,1,1,0,0,0,0,255,255,255,15,1208.956,"Pugeuk",R,29,80,131,-0.931,-0.124,0.403,1.697,-0.196,1.481,-36.693,23.727,52,48,0,2,0,-241.967,-130.03,15.503,0,0,1,6,2,R,"Rite_",190,80,0.455,3,37,W,Y,1210.236,255,124,58,87,54,137,130,31.948,40.828,0.56,0,0.527,420.401,-2.041,398.055,0.094,-37.318,0,"Azuner",-0.105,-17.594,0,"xoxo_nemu",-21.1,-46.604,0,"Ѕeyeon",-14.523,-63.309,0,"P0TA0",18.688,-46.25,0,"눈꽃",8.996,-67.248,0,"Pring__",47.939,-99.686,0,"AI",0,-109.84,0,"AI",-40.8,-90.55,0,1214.767,-77.515,-104.797,0,0,"",0,0,0,0,,1220.192,1225.392,,1,4
37,3,1,1,2,0,0,0,0,0,0,255,255,255,16,1250.594,"Pugeuk",R,10,79,107,0.76,-0.74,0.547,1.771,0.316,1.699,-36.693,23.304,57,43,0,2,0,0,400,0.119,0,0,0,0,0,R,"Yes_Man_",190,84.826,0.502,3,37,W,Y,1251.767,225,121,150,123,94,145,129,-30,-11.365,0.28,0,0.567,-95.521,-104.048,-164.196,0.107,-37.473,0,"Azuner",-0.014,-17.694,0,"xoxo_nemu",-19.834,-45.081,85,"Ѕeyeon",-14.246,-63.989,0,"P0TA0",18.385,-46.352,0,"눈꽃",8.174,-65.711,0,"Pring__",47.078,-104.464,0,"AI",0,-109.84,0,"AI",-40.8,-90.55,0,1251.314,0.362,-21.625,1253.207,5,"눈꽃",8.52,-62.18,0,0,,,,,37,2
38,3,1,1,2,0,0,1,0,0,0,255,255,255,17,1272.44,"Pugeuk",R,44,49,92,-1.465,-0.572,0.289,1.592,-0.483,1.283,-36.693,15.293,44,56,0,2,0,-82.13,-10.981,11.544,0,0,0,1,3,R,"_Gosomi",175.3,86.038,0.48,3,37,W,Y,1273.787,63,62,0,10,27,10,29,-39.736,40.501,0.9,0,0.269,377.484,-229.851,182.212,0.039,-37.367,0,"Azuner",-0.083,-17.717,120,"xoxo_nemu",-20.406,-45.615,0,"Ѕeyeon",-14.562,-63.784,0,"P0TA0",18.907,-46.709,0,"눈꽃",14.5,-64.187,0,"Pring__",46.62,-105.331,0,"AI",0,-109.84,0,"AI",-40.8,-90.55,0,1273.487,-0.919,-20.27,1277.021,1,"Azuner",-8.707,-25.331,0,0,1277.021,,,,65,2
39,3,1,1,2,0,1,1,0,0,0,255,255,255,18,1294.183,"Pugeuk",R,6,83,108,-31.16,-2.727,-0.025,1.596,-1.46,1.294,-36.693,4.304,52,48,0,2,0,490.909,0,29.123,0,0,1,1,3,R,"_Gosomi",175.3,86.038,0.48,3,37,W,Y,1295.356,160,57,67,52,62,137,110,9.778,6.084,0.16,0,0.354,-163.625,471.941,-131.305,-0.095,-37.137,0,"Azuner",-0.188,-17.592,0,"xoxo_nemu",-20.459,-45.615,0,"Ѕeyeon",-15.611,-63.247,0,"P0TA0",17.775,-47.569,0,"눈꽃",13.308,-64.391,95,"Pring__",47.054,-105.431,0,"AI",0,-109.84,0,"AI",-40.807,-90.557,0,1297.047,-9.532,-75.261,1300.794,7,"AI",-16.318,-119.747,1,0,,1305.337,,,33,2
40,3,1,1,2,0,0,1,0,1,0,255,3,255,19,1322.073,"Pugeuk",R,27,88,140,0.91,-0.074,0.553,1.685,0.502,1.443,-36.693,22.111,47,52,1,0,0,-89.172,-134.08,9.745,0,0,1,2,1,L,"encounter v",190,90.067,0.45,0,37,W,Y,0,0,0,0,0,0,0,0,0,0,0,0,0,0,0,0,0.332,-37.298,0,"Azuner",-0.027,-17.688,0,"xoxo_nemu",-22.766,-48.08,0,"Ѕeyeon",-6.578,-61.901,0,"P0TA0",18.539,-44.849,0,"눈꽃",8.936,-58.585,0,"Pring__",52.653,-104.241,0,"AI",0,-109.84,0,"AI",-40.8,-90.55,0,0,0,0,0,0,"",0,0,0,0,1322.927,1324.452,,,0,0
41,3,1,1,2,0,1,1,0,1,0,255,3,255,20,1335.069,"Pugeuk",R,26,90,140,0.625,-0.484,0.514,1.588,0.318,1.13,-36.693,18.949,60,40,0,2,0,-44.721,-200,11.827,0,0,1,2,1,L,"encounter v",190,90.067,0.45,3,37,W,Y,1336.026,255,127,102,124,37,145,112,26.364,-31.297,0.1,0,0.563,268.089,-148.127,-320.204,0.336,-37.176,0,"Azuner",-0.011,-17.723,0,"xoxo_nemu",-22.748,-48.112,0,"Ѕeyeon",-5.557,-61.172,85,"P0TA0",17.975,-43.983,0,"눈꽃",15.267,-55.983,0,"Pring__",52.488,-103.549,108,"AI",0,-109.84,0,"AI",-40.8,-90.55,0,1340.314,55.005,-100.384,1340.461,6,"Pring__",53.029,-97.573,0,0,,1335.322,,,19,1
42,3,1,1,2,0,0,2,0,1,0,255,3,255,21,1365.458,"Pugeuk",R,6,80,106,2.995,-0.428,0.581,1.611,0.42,1.353,-36.693,27.818,60,40,0,2,0,442.155,0,15.582,0,0,1,3,4,R,"Muna_328",190,89.724,0.4,3,37,W,Y,1366.631,255,139,110,21,0,145,89,-12.318,-42.437,-0.87,0,0.732,-53.379,-363.905,196.479,0.581,-37.352,0,"Azuner",0.002,-17.723,0,"xoxo_nemu",-22.673,-48.125,0,"Ѕeyeon",-13.859,-64.433,0,"P0TA0",18.515,-45.406,115,"눈꽃",6.242,-64.311,0,"Pring__",43.183,-106.589,0,"AI",0,-109.84,0,"AI",-40.8,-90.55,0,1366.38,3.711,-23.929,1367.741,4,"P0TA0",19.581,-41.201,0,0,1397.527,,1372.681,,13,2
43,3,0,1,2,0,0,0,0,0,0,255,255,255,0,1431.507,"Yes_Man_",R,0,66,106,-0.953,0.091,0.382,1.649,-0.521,1.651,-36.741,22.058,0,84,16,2,0,46.961,-26.208,20.946,0,0,1,2,2,R,"xoxo_nemu",190,90.083,0.5,3,37,W,Y,1432.787,116,110,80,90,47,137,92,100.187,-59.485,0.95,0,0.245,230.998,-155.575,-12.424,0.013,-37.525,0,"encounter v",-0.105,-17.815,0,"Rite_",-20.613,-47.921,0,"_Gosomi",-13.794,-63.598,0,"Muna_328",23.975,-52.259,0,"CoalCat",11.923,-64.287,0,"AI",40.9,-90.65,0,"うよすま",-3.003,-116.997,0,"AI",-40.8,-90.55,0,0,0,0,0,0,"",0,0,0,0,,,,,1,3
44,3,0,1,2,0,1,0,0,0,0,255,255,255,1,1449.27,"Yes_Man_",R,33,75,113,-0.039,0.074,0.461,1.679,-0.221,1.64,-36.741,27.3,0,81,19,2,0,104.609,-19.156,11.918,0,0,0,2,2,R,"xoxo_nemu",190,90.083,0.5,3,37,W,Y,1450.464,163,99,53,82,48,136,101,25.162,15.218,0.02,0,0.174,229.95,417.16,-44.32,0.081,-37.67,0,"encounter v",-0.059,-17.885,0,"Rite_",-21.719,-48.554,0,"_Gosomi",-14.161,-63.443,0,"Muna_328",24.372,-52.676,0,"CoalCat",11.744,-63.727,85,"AI",40.9,-90.65,0,"うよすま",-3.203,-117.466,0,"AI",-40.8,-90.55,0,1454.874,-31.087,-102.258,1459.474,5,"CoalCat",-1.281,-60.88,0,0,,,,,17,1
45,3,0,1,2,0,0,1,0,0,0,255,255,255,2,1476.919,"Yes_Man_",R,32,91,140,-2.076,0.056,0.288,1.624,-1.217,1.57,-36.741,19.043,0,98,2,1,0,217.119,-83.17,14.453,0,0,0,3,4,R,"P0TA0",190,96.215,0.525,0,37,W,Y,0,0,0,0,0,0,0,0,0,0,0,0,0,0,0,0,0.048,-37.712,0,"encounter v",-0.05,-17.755,0,"Rite_",-21.942,-48.062,0,"_Gosomi",-13.711,-64.354,0,"Muna_328",24.622,-51.631,0,"CoalCat",10.015,-63.513,0,"AI",40.9,-90.65,0,"うよすま",-2.344,-119.775,0,"AI",-40.8,-90.55,0,0,0,0,0,0,"",0,0,0,0,1477.647,,,,0,0
46,3,0,1,2,1,0,1,0,0,0,255,255,255,3,1489.3,"Yes_Man_",R,4,83,129,-1.84,-0.005,0.445,1.634,-0.485,1.603,-36.741,18.747,0,91,9,1,0,-215.27,0,4.359,0,0,0,3,4,R,"P0TA0",190,96.215,0.525,0,37,W,Y,0,0,0,0,0,0,0,0,0,0,0,0,0,0,0,0,0.183,-37.708,0,"encounter v",-0.056,-17.71,0,"Rite_",-21.616,-47.504,0,"_Gosomi",-13.724,-64.311,0,"Muna_328",24.702,-51.559,0,"CoalCat",9.998,-63.522,0,"AI",40.9,-90.65,0,"うよすま",-3.287,-119.503,0,"AI",-40.8,-90.55,0,0,0,0,0,0,"",0,0,0,0,1490.047,,,,0,0
47,3,0,1,2,2,0,1,0,0,0,255,255,255,4,1501.9,"Yes_Man_",R,32,88,140,-1.082,0.032,0.39,1.621,-0.742,1.559,-36.741,14.332,0,88,12,0,0,194.61,-79.773,29.03,0,0,0,3,4,R,"P0TA0",190,96.215,0.525,0,37,W,Y,0,0,0,0,0,0,0,0,0,0,0,0,0,0,0,0,0.169,-37.591,0,"encounter v",-0.071,-17.796,0,"Rite_",-20.736,-46.863,0,"_Gosomi",-13.741,-64.264,0,"Muna_328",24.611,-51.544,0,"CoalCat",9.978,-63.472,0,"AI",40.9,-90.65,0,"うよすま",-3.197,-119.596,0,"AI",-40.8,-90.55,0,0,0,0,0,0,"",0,0,0,0,1502.647,,,,0,0
48,3,0,1,2,2,1,1,0,0,0,255,255,255,5,1515.11,"Yes_Man_",R,12,71,121,-3.407,-0.903,0.456,1.565,-0.436,1.379,-36.741,25.032,25,75,0,2,0,0,76.607,23.838,0,0,1,3,4,R,"P0TA0",190,96.215,0.525,3,37,W,Y,1516.007,255,95,192,92,33,145,89,-31.445,-36.403,-0.9,0,0.346,56.145,-252.659,-237.36,0.045,-37.344,0,"encounter v",-0.095,-17.946,0,"Rite_",-20.735,-47.808,83,"_Gosomi",-13.768,-64.243,0,"Muna_328",24.598,-51.486,111,"CoalCat",10.02,-63.386,0,"AI",40.9,-90.65,0,"うよすま",-3.052,-119.598,0,"AI",-40.8,-90.55,0,1515.514,-0.316,-21.484,1517.567,4,"Muna_328",18.785,-47.066,0,0,,,,,73,2
49,3,0,1,2,0,0,2,0,0,0,255,255,255,6,1545.621,"Yes_Man_",R,32,88,140,-1.505,-0.295,0.346,1.564,-0.947,1.344,-36.741,17.321,0,97,3,1,0,203.537,-91.608,27.297,0,0,0,4,3,R,"Ѕeyeon",170.6,80,0.4,0,37,W,Y,0,0,0,0,0,0,0,0,0,0,0,0,0,0,0,0,0.151,-37.564,0,"encounter v",-0.048,-17.674,0,"Rite_",-20.308,-46.452,0,"_Gosomi",-14.233,-63.979,0,"Muna_328",23.721,-51.619,0,"CoalCat",11.885,-62.731,0,"AI",40.9,-90.65,0,"うよすま",-3.858,-108.096,0,"AI",-40.8,-90.55,0,0,0,0,0,0,"",0,0,0,0,1546.367,,,,0,0
50,3,0,1,2,1,0,2,0,0,0,255,255,255,7,1557.781,"Yes_Man_",R,10,61,107,-0.447,-0.447,0.447,1.707,-0.478,1.858,-36.741,27.955,52,48,0,0,0,138.468,326.315,12.194,0,0,1,4,3,R,"Ѕeyeon",170.6,80,0.4,0,37,W,Y,0,0,0,0,0,0,0,0,0,0,0,0,0,0,0,0,0.041,-37.662,0,"encounter v",-0.073,-17.652,0,"Rite_",-20.325,-46.447,0,"_Gosomi",-12.165,-64.166,0,"Muna_328",23.718,-51.609,0,"CoalCat",11.829,-62.757,0,"AI",40.9,-90.65,0,"うよすま",-4.794,-108.046,0,"AI",-40.8,-90.55,0,0,0,0,0,0,"",0,0,0,0,1558.674,,,,0,0
51,3,0,1,2,1,1,2,0,0,0,255,255,255,8,1568.866,"Yes_Man_",R,32,85,138,-0.121,0.162,0.467,1.63,-0.383,1.58,-36.741,20.373,0,83,17,2,0,232.77,-110.649,29.977,0,0,1,4,3,R,"Ѕeyeon",170.6,80,0.4,3,37,W,Y,1569.813,227,102,70,72,36,144,84,107.156,-23.127,-0.77,0,0.444,473.635,-64.205,96.845,-0.047,-37.164,0,"encounter v",-0.094,-17.865,0,"Rite_",-20.239,-46.353,0,"_Gosomi",-14.696,-63.185,0,"Muna_328",23.823,-51.497,0,"CoalCat",11.978,-62.595,0,"AI",40.9,-90.65,0,"うよすま",-5.068,-107.809,0,"AI",-40.8,-90.55,0,0,0,0,0,0,"",0,0,0,0,,,,,1,3
52,3,0,1,2,1,2,2,0,0,0,255,255,255,9,1585.879,"Yes_Man_",R,3,77,119,-2.241,0.319,0.454,1.684,-0.447,1.778,-36.741,20.732,0,100,0,4,0,-319.477,0,3.465,0,0,1,4,3,R,"Ѕeyeon",170.6,80,0.4,0,37,W,Y,0,0,0,0,0,0,0,0,0,0,0,0,0,0,0,0,0.095,-37.89,0,"encounter v",-0.087,-17.686,0,"Rite_",-20.743,-46.788,0,"_Gosomi",-15.391,-63.439,0,"Muna_328",24.149,-51.687,0,"CoalCat",10.267,-64.221,0,"AI",40.9,-90.65,0,"うよすま",-4.525,-107.237,0,"AI",-40.8,-90.55,0,0,0,0,0,0,"",0,0,0,0,1586.781,,,,0,0
53,4,1,1,2,0,0,0,0,0,0,255,255,255,22,1627.385,"Pugeuk",R,26,88,140,2.033,0.501,0.63,1.683,1.061,1.679,-36.693,26.302,54,46,0,1,0,-142.268,-200,10.146,0,0,0,4,5,R,"CoalCat",168.4,82.838,0.435,0,37,W,Y,0,0,0,0,0,0,0,0,0,0,0,0,0,0,0,0,0.403,-37.409,0,"Azuner",0.118,-17.694,0,"xoxo_nemu",-19.811,-45.165,0,"Ѕeyeon",-16.115,-62.954,0,"P0TA0",19.427,-41.999,0,"눈꽃",11.254,-65.294,0,"Pring__",46.524,-97.509,0,"AI",0,-109.84,0,"AI",-40.8,-90.55,0,0,0,0,0,0,"",0,0,0,0,1628.221,,,,0,0
54,4,1,1,2,1,0,0,0,0,0,255,255,255,23,1638.691,"Pugeuk",R,27,87,140,3.587,-0.357,0.644,1.729,0.925,2.307,-36.693,27.542,56,44,0,2,0,-92.016,-121.523,4.384,0,0,1,4,5,R,"CoalCat",168.4,82.838,0.435,3,37,W,Y,1639.7,126,29,68,34,0,135,123,114.744,-46.765,0.36,0,0.399,79.378,303.586,-511.405,0.544,-37.078,0,"Azuner",0.035,-17.706,0,"xoxo_nemu",-19.792,-45.149,0,"Ѕeyeon",-16.089,-62.906,0,"P0TA0",18.617,-44.301,0,"눈꽃",10.32,-67.498,0,"Pring__",47.672,-99.316,0,"AI",0,-109.84,0,"AI",-40.8,-90.55,0,0,0,0,0,0,"",0,0,0,0,,,,,1,3
55,4,1,1,2,1,1,0,0,0,0,255,255,255,24,1653.139,"Pugeuk",R,3,65,96,-0.584,0.422,0.616,1.889,0.53,1.991,-36.693,39.394,91,9,0,2,0,-357.788,76.849,-11.398,0,0,1,4,5,R,"CoalCat",168.4,82.838,0.435,3,37,W,Y,1654.746,175,44,60,43,63,136,114,25.187,45.805,0.72,0,0.337,101.815,-32.083,1.701,-0.089,-37.645,0,"Azuner",-0.035,-17.569,0,"xoxo_nemu",-20.119,-45.504,0,"Ѕeyeon",-16.879,-62.129,0,"P0TA0",18.587,-46.48,0,"눈꽃",11.16,-68.012,0,"Pring__",47.029,-98.17,0,"AI",0,-109.84,0,"AI",-40.8,-90.55,0,1658.701,-70.1,-88.753,1660.941,8,"AI",-68.389,-88.94,0,0,,,,,1,2
56,4,1,1,2,1,2,0,0,0,0,255,255,255,25,1675.271,"Pugeuk",R,6,86,111,-5.551,0.357,-0.228,1.788,-3.248,1.798,-36.693,15.556,62,38,0,4,0,451.459,0,6.82,0,0,1,4,5,R,"CoalCat",168.4,82.838,0.435,0,37,W,Y,0,0,0,0,0,0,0,0,0,0,0,0,0,0,0,0,0.158,-37.566,0,"Azuner",-1.34,-17.519,0,"xoxo_nemu",-20.438,-45.596,0,"Ѕeyeon",-16.575,-63.978,0,"P0TA0",18.382,-47.239,0,"눈꽃",7.527,-67.281,0,"Pring__",45.972,-101.504,0,"AI",0,-109.84,0,"AI",-40.8,-90.55,0,0,0,0,0,0,"",0,0,0,0,1676.327,,,,0,0
57,4,1,1,2,0,0,1,0,0,0,255,255,255,26,1693.293,"Pugeuk",R,3,61,92,1.047,0.439,0.952,1.86,1.466,1.881,-36.693,51.225,85,15,0,0,0,-418.182,0,30.221,0,0,1,5,7,R,"うよすま",174.8,85.385,0.5,0,37,W,Y,0,0,0,0,0,0,0,0,0,0,0,0,0,0,0,0,0.101,-37.473,0,"Azuner",0.082,-17.449,0,"xoxo_nemu",-20.313,-45.782,0,"Ѕeyeon",-15.373,-63.576,0,"P0TA0",18.642,-46.589,0,"눈꽃",12.304,-65.6,0,"Pring__",46.012,-101.609,0,"AI",0,-109.84,0,"AI",-40.8,-90.55,0,0,0,0,0,0,"",0,0,0,0,1694.247,,,,0,0
58,4,1,1,2,0,1,1,0,0,0,255,255,255,27,1705.434,"Pugeuk",R,29,93,140,-0.622,0.11,0.458,1.708,0.059,1.505,-36.693,16.624,62,38,0,0,0,-250,-166.51,9.845,0,0,0,5,7,R,"うよすま",174.8,85.385,0.5,0,37,W,Y,0,0,0,0,0,0,0,0,0,0,0,0,0,0,0,0,0.393,-37.328,0,"Azuner",-0.038,-17.482,0,"xoxo_nemu",-20.265,-45.72,0,"Ѕeyeon",-14.947,-63.872,0,"P0TA0",18.8,-46.296,0,"눈꽃",12.264,-64.965,0,"Pring__",46.087,-101.506,0,"AI",0,-109.84,0,"AI",-40.8,-90.55,0,0,0,0,0,0,"",0,0,0,0,1706.167,,,,0,0
59,4,1,1,2,0,2,1,0,0,0,255,255,255,28,1717.896,"Pugeuk",R,26,92,140,0.314,0.669,0.502,1.598,0.262,1.823,-36.693,17.058,47,53,0,2,0,-102.565,-179.792,15.919,0,0,1,5,7,R,"うよすま",174.8,85.385,0.5,3,37,W,Y,1718.888,109,59,87,25,0,135,126,-30,42.626,0.58,0,0.324,-348.383,285.658,-238.164,0.335,-37.199,120,"Azuner",0.017,-17.56,0,"xoxo_nemu",-20.221,-45.732,0,"Ѕeyeon",-14.97,-63.659,0,"P0TA0",19.178,-46.23,0,"눈꽃",12.5,-64.609,0,"Pring__",45.828,-101.736,0,"AI",0,-109.84,0,"AI",-40.807,-90.557,0,1718.407,-1.617,-20.841,1719.861,2,"xoxo_nemu",-20.648,-41.309,0,0,,,,,5,2
60,4,1,1,2,0,0,2,0,0,0,255,255,255,29,1745.602,"Pugeuk",R,26,75,126,-0.99,1.278,0.351,1.724,-0.438,2.218,-36.693,21.899,85,15,0,4,0,-2.805,-200,29.692,0,0,1,6,2,R,"Rite_",190,80,0.455,0,37,W,Y,0,0,0,0,0,0,0,0,0,0,0,0,0,0,0,0,0.155,-37.296,0,"Azuner",-0.123,-17.428,0,"xoxo_nemu",-20.353,-45.513,0,"Ѕeyeon",-15.645,-64.153,0,"P0TA0",18.842,-46.759,0,"눈꽃",10.502,-65.704,0,"Pring__",52.606,-106.996,0,"AI",0,-109.84,0,"AI",-40.8,-90.55,0,0,0,0,0,0,"",0,0,0,0,1746.541,,,,0,0
61,4,1,1,2,0,1,2,0,0,0,255,255,255,30,1758.614,"Pugeuk",R,6,75,114,0.727,0.244,0.365,1.825,-0.374,1.896,-36.693,18.551,99,1,0,2,0,500,0,14.919,0,0,1,6,2,R,"Rite_",190,80,0.455,3,37,W,Y,1759.733,215,137,85,83,46,145,91,25.186,-20.512,-0.78,0,0.325,486.278,-298.555,178.138,0.38,-37.242,0,"Azuner",-0.028,-17.448,0,"xoxo_nemu",-20.417,-45.558,0,"Ѕeyeon",-15.32,-63.444,86,"P0TA0",18.486,-46.842,0,"눈꽃",6.449,-67.406,0,"Pring__",52.703,-106.94,113,"AI",0,-109.84,0,"AI",-40.8,-90.55,0,1764.314,33.713,-95.018,1764.767,6,"Pring__",33.728,-95.044,1,0,,,,,19,2
62,4,1,1,2,0,0,2,1,0,0,2,255,255,31,1786.777,"Pugeuk",R,13,66,95,-1.764,-0.832,0.418,1.758,-0.083,1.671,-36.693,26.894,30,70,0,2,0,-306.621,352.066,-9.362,0,0,1,0,0,R,"Yes_Man_",190,84.826,0.502,3,37,W,Y,1788.017,182,121,100,99,85,145,97,-13.439,14.148,0.95,0,0.485,-252.795,291.752,-105.339,-0.37,-37.229,0,"Azuner",-0.165,-17.497,0,"xoxo_nemu",-23.023,-48.044,73,"Ѕeyeon",-12.107,-64.548,101,"P0TA0",18.872,-46.581,0,"눈꽃",8.785,-62.73,0,"Pring__",51.627,-106.68,0,"AI",0,-109.84,0,"AI",-40.8,-90.55,0,1787.621,-1.048,-23.086,1789.821,3,"Ѕeyeon",-7.647,-60.854,0,0,,1793.264,,,21,2
63,4,0,1,2,0,0,0,0,0,0,255,255,255,10,1830.525,"Yes_Man_",R,32,89,140,-2.226,-0.029,0.27,1.61,-1.299,1.51,-36.741,13.738,0,100,0,1,0,230.838,-74.107,23.317,0,0,0,5,5,L,"눈꽃",169.9,85,0.497,0,37,W,Y,0,0,0,0,0,0,0,0,0,0,0,0,0,0,0,0,-0.034,-37.478,0,"encounter v",0.009,-17.647,0,"Rite_",-21.488,-47.744,0,"_Gosomi",-13.993,-63.952,0,"Muna_328",25.057,-50.304,0,"CoalCat",13.443,-62.064,0,"AI",40.9,-90.65,0,"うよすま",3.555,-113.031,0,"AI",-40.8,-90.55,0,0,0,0,0,0,"",0,0,0,0,1831.487,,,,0,0
64,4,0,1,2,1,0,0,0,0,0,255,255,255,11,1841.995,"Yes_Man_",R,6,52,100,2.447,0.12,0.608,1.659,0.27,1.688,-36.741,40.039,41,59,0,1,0,365.044,0,3.354,0,0,0,5,5,L,"눈꽃",169.9,85,0.497,0,37,W,Y,0,0,0,0,0,0,0,0,0,0,0,0,0,0,0,0,0.194,-37.558,0,"encounter v",-0.002,-17.689,0,"Rite_",-21.626,-47.6,0,"_Gosomi",-14.098,-63.956,0,"Muna_328",25.07,-50.317,0,"CoalCat",13.433,-62.108,0,"AI",40.9,-90.65,0,"うよすま",3.548,-113.03,0,"AI",-40.8,-90.55,0,0,0,0,0,0,"",0,0,0,0,1843.1,,,,0,0
65,4,0,1,2,2,0,0,0,0,0,255,255,255,12,1854.783,"Yes_Man_",R,32,80,131,-0.819,-0.595,0.448,1.615,-0.472,1.528,-36.741,29.734,0,97,3,2,0,182.271,-88.283,6.629,0,0,1,5,5,L,"눈꽃",169.9,85,0.497,3,37,W,Y,1856.036,255,164,82,89,52,145,125,29.153,-5.465,0.46,0,0.436,446.634,-68.124,-365.187,-0.208,-37.002,0,"encounter v",-0.054,-17.801,0,"Rite_",-21.572,-47.553,0,"_Gosomi",-13.84,-64.05,74,"Muna_328",25.005,-50.164,0,"CoalCat",13.468,-62.171,0,"AI",40.9,-90.65,0,"うよすま",3.522,-113.022,0,"AI",-40.8,-90.55,0,1861.314,15.247,-134.637,1862.021,7,"うよすま",15.574,-133.212,1,0,,1865.429,,,35,2
66,4,0,1,2,0,0,0,0,1,0,255,15,255,13,1885.398,"Yes_Man_",R,32,84,136,-0.464,-0.024,0.427,1.595,-0.571,1.477,-36.741,22.381,0,98,2,0,0,250,-127.404,31.153,0,0,1,6,1,L,"Azuner",190,80,0.297,0,37,W,Y,0,0,0,0,0,0,0,0,0,0,0,0,0,0,0,0,0.225,-37.555,120,"encounter v",-0.038,-17.687,0,"Rite_",-21.457,-48.31,0,"_Gosomi",-7.908,-64.882,0,"Muna_328",23.085,-46.86,0,"CoalCat",12.518,-60.634,0,"AI",40.9,-90.65,0,"うよすま",7.528,-119.799,0,"AI",-40.8,-90.55,0,0,0,0,0,0,"",0,0,0,0,1886.354,1887.754,,,0,0
67,4,0,1,2,0,1,0,0,1,0,255,15,255,14,1922.726,"Yes_Man_",R,14,65,108,0.231,-2.529,0.491,1.46,-0.274,1.039,-36.741,30.641,31,69,0,2,0,176.837,400,11.926,0,0,1,6,1,L,"Azuner",190,80,0.297,3,37,W,Y,1923.91,221,81,65,47,57,137,93,-14.16,18.311,0.95,0,0.573,-560.02,-40.417,48.795,0.12,-37.504,0,"encounter v",-0.016,-17.949,0,"Rite_",-20.655,-47.265,89,"_Gosomi",-7.569,-64.296,87,"Muna_328",23.434,-47.265,85,"CoalCat",13.57,-61.716,0,"AI",40.9,-90.65,0,"うよすま",7.846,-121.406,0,"AI",-40.8,-90.55,0,1923.34,0.083,-20.525,1925.501,3,"_Gosomi",-9.672,-57.621,0,0,,,1928.246,,75,2
68,4,0,1,2,0,0,1,0,0,1,255,255,15,15,1952.359,"Yes_Man_",R,3,76,117,-3.486,-0.027,0.455,1.668,-0.873,1.594,-36.741,25.279,0,97,3,1,0,-371.983,0,3.926,0,0,0,0,0,R,"Pugeuk",190,86.201,0.347,0,37,W,Y,0,0,0,0,0,0,0,0,0,0,0,0,0,0,0,0,0.061,-37.785,0,"encounter v",-0.002,-17.819,0,"Rite_",-19.446,-44.85,0,"_Gosomi",-12.524,-61.097,0,"Muna_328",19.043,-43.95,0,"CoalCat",8.344,-62.439,0,"AI",40.9,-90.65,0,"うよすま",-3.592,-118.11,0,"AI",-40.8,-90.55,0,0,0,0,0,0,"",0,0,0,0,1953.34,,1955.028,,0,0
69,4,0,1,2,0,1,1,0,0,1,255,255,15,16,1969.284,"Yes_Man_",R,0,63,117,-0.899,0.538,0.469,1.845,-0.406,1.961,-36.741,43.143,51,49,0,0,0,0,14.988,1.031,0,0,0,0,0,R,"Pugeuk",190,86.201,0.347,0,37,W,Y,0,0,0,0,0,0,0,0,0,0,0,0,0,0,0,0,0.085,-37.594,0,"encounter v",-0.067,-18.18,0,"Rite_",-19.299,-44.534,0,"_Gosomi",-12.582,-61.261,0,"Muna_328",18.497,-43.378,0,"CoalCat",10.184,-61.799,0,"AI",40.9,-90.65,0,"うよすま",-5.197,-120.852,0,"AI",-40.8,-90.55,0,0,0,0,0,0,"",0,0,0,0,1970.287,,1972.56,,0,0
70,4,0,1,2,0,2,1,0,0,1,255,255,15,17,1985.522,"Yes_Man_",R,3,75,119,-1.997,-0.126,0.69,1.681,-0.402,1.528,-36.741,37.535,0,98,2,2,0,-286.607,0,1.351,0,0,1,0,0,R,"Pugeuk",190,86.201,0.347,3,37,W,Y,1986.649,255,139,136,90,35,145,95,105.891,-56.175,0.96,0,0.821,247.242,51.896,358.592,0.084,-37.447,0,"encounter v",-0.119,-18.017,0,"Rite_",-20.488,-46.38,0,"_Gosomi",-11.846,-55.393,0,"Muna_328",17.56,-41.495,0,"CoalCat",7.416,-51.987,0,"AI",40.9,-90.65,0,"うよすま",-4.072,-118.782,0,"AI",-40.8,-90.55,0,0,0,0,0,0,"",0,0,0,0,,,1989.221,,1,3
71,4,0,1,2,0,2,1,0,0,1,255,255,15,18,2004.664,"Yes_Man_",R,33,81,132,0.096,-0.404,0.509,1.547,-0.19,1.321,-36.741,24.786,0,95,5,2,0,145.551,-34.656,6.256,0,0,1,0,0,R,"Pugeuk",190,86.201,0.347,3,62,W,Y,2005.785,236,51,65,32,20,136,116,-30,40.227,0.84,0,0.565,-141.601,-185.938,28.654,0.025,-37.205,0,"encounter v",-0.083,-17.949,0,"Rite_",-19.705,-44.943,99,"_Gosomi",-13.059,-59.96,0,"Muna_328",18.639,-45.589,0,"CoalCat",10.582,-61.391,0,"AI",40.9,-90.65,0,"うよすま",-3.935,-119.672,0,"AI",-40.8,-90.55,0,2005.314,-1.06,-20.349,2006.794,2,"Rite_",-16.313,-40.027,0,32,2009.261,,,2009.912,69,2
72,5,1,1,2,0,0,0,0,0,0,255,255,255,32,2045.542,"Pugeuk",R,32,85,138,1.495,1.435,0.516,1.723,0.33,2.261,-36.693,24.365,91,9,0,2,0,218.829,-181.658,12.666,0,0,0,1,3,R,"_Gosomi",175.3,86.038,0.48,3,46,W,Y,2046.619,87,43,95,35,0,125,119,93.462,-83.764,0.61,0,0.405,-191.57,450.493,-268.525,0.33,-37.202,0,"Azuner",0.013,-17.544,0,"xoxo_nemu",-20.388,-45.813,0,"Ѕeyeon",-12.906,-64.975,0,"P0TA0",18.091,-46.155,0,"눈꽃",11.185,-67.367,0,"Pring__",46.893,-102.073,0,"AI",0,-109.84,0,"AI",-40.8,-90.55,0,0,0,0,0,0,"",0,0,0,0,,,,,1,3
73,5,1,1,2,0,1,0,0,0,0,255,255,255,33,2064.512,"Pugeuk",R,6,86,125,-1.215,0.293,0.163,1.597,-1.314,1.819,-36.693,8.097,44,56,0,2,0,498.235,41.974,30.913,0,0,1,1,3,R,"_Gosomi",175.3,86.038,0.48,3,46,W,Y,2065.637,153,66,88,73,53,145,127,32.046,30.005,0.61,0,0.382,129.153,262.636,-42.723,0.381,-37.418,0,"Azuner",-0.168,-17.561,0,"xoxo_nemu",-20.172,-45.491,0,"Ѕeyeon",-13.238,-64.842,0,"P0TA0",18.66,-46.351,0,"눈꽃",11.356,-66.605,103,"Pring__",46.732,-101.642,0,"AI",0,-109.84,0,"AI",-40.8,-90.55,0,0,0,0,2071.18,8,"AI",-56.467,-108.212,0,0,,2075.687,,,33,2
74,5,1,1,2,0,0,0,0,1,0,255,3,255,34,2113.462,"Pugeuk",R,30,62,103,0.887,-0.437,0.661,1.6,0.67,1.329,-36.693,26.979,43,57,0,2,0,-148.734,-19.313,12.938,0,0,1,2,1,L,"encounter v",190,90.067,0.45,3,37,W,Y,2114.52,128,247,124,153,89,139,87,-34.222,-27.227,-0.83,0,0.517,-43.051,303.349,197.96,-0.256,-37.371,0,"Azuner",0.017,-17.553,0,"xoxo_nemu",-20.423,-45.641,85,"Ѕeyeon",-6.657,-63.174,0,"P0TA0",18.288,-44.458,118,"눈꽃",15.915,-57.249,0,"Pring__",51.187,-99.398,0,"AI",0,-109.84,0,"AI",-40.8,-90.55,0,2114.061,0.744,-21.439,2115.847,4,"P0TA0",12.598,-44.596,0,0,,2120.76,,,13,2
75,5,1,1,2,0,0,1,0,1,0,255,3,255,35,2142.01,"Pugeuk",R,10,87,115,0.91,-0.978,0.511,1.623,0.204,1.381,-36.693,11.97,47,53,0,1,0,100.66,309.478,8.268,0,0,0,3,4,R,"Muna_328",190,89.724,0.4,0,37,W,Y,0,0,0,0,0,0,0,0,0,0,0,0,0,0,0,0,0.458,-37.595,0,"Azuner",0.023,-17.618,0,"xoxo_nemu",-20.784,-46.026,0,"Ѕeyeon",-12.204,-64.379,0,"P0TA0",19.074,-42.76,0,"눈꽃",4.869,-61.754,0,"Pring__",45.911,-99.464,0,"AI",0,-109.84,0,"AI",-40.8,-90.55,0,0,0,0,0,0,"",0,0,0,0,2143.021,2144.549,,,0,0
76,5,1,1,2,1,0,1,0,1,0,255,3,255,36,2159.216,"Pugeuk",R,27,88,140,0.917,-0.217,0.554,1.664,0.505,1.375,-36.693,16.42,52,48,0,2,0,-89.607,-108.822,5.871,0,0,1,3,4,R,"Muna_328",190,89.724,0.4,3,37,W,Y,2160.285,255,68,89,7,0,134,127,-30,23.915,0.33,0,0.92,-391.835,316.427,-76.115,0.227,-37.298,0,"Azuner",0.015,-17.622,0,"xoxo_nemu",-20.52,-45.864,0,"Ѕeyeon",-12.191,-64.361,88,"P0TA0",17.495,-44.969,0,"눈꽃",2.909,-62.9,0,"Pring__",45.933,-99.489,0,"AI",0,-109.84,0,"AI",-40.8,-90.55,0,2159.834,-0.583,-20.919,2161.781,3,"Ѕeyeon",-18.736,-61.559,0,0,,,2164.621,,21,2
77,5,1,1,2,0,0,2,0,0,1,255,255,3,37,2183.104,"Pugeuk",R,10,62,94,-1.012,-0.699,0.319,1.953,-0.449,1.956,-36.693,31.664,93,7,0,2,0,0,400,-6.616,0,0,1,4,5,R,"CoalCat",168.4,82.838,0.435,3,37,W,Y,2184.524,255,143,96,112,76,145,106,4.31,-41.015,0.91,0,0.506,41.456,63.612,-157.745,0.388,-37.288,0,"Azuner",-0.101,-17.268,0,"xoxo_nemu",-21.205,-46.734,0,"Ѕeyeon",-13.843,-63.744,0,"P0TA0",17.457,-43.57,115,"눈꽃",4.055,-64.636,0,"Pring__",52.881,-99.997,0,"AI",0,-109.84,0,"AI",-40.8,-90.55,0,2185.034,19.141,-45.04,2185.287,4,"P0TA0",16.125,-41.512,0,0,,,,,9,1
78,5,0,1,2,0,0,0,0,0,0,255,255,255,19,2225.488,"Yes_Man_",R,3,76,115,-2.699,-0.3,0.584,1.64,-0.391,1.426,-36.741,30.561,0,88,12,1,0,-443.391,0,5.171,0,0,0,1,6,L,"Pring__",190,93.089,0.485,0,37,W,Y,0,0,0,0,0,0,0,0,0,0,0,0,0,0,0,0,0.129,-38.056,0,"encounter v",0,-17.57,0,"Rite_",-20.564,-49.213,0,"_Gosomi",-12.473,-64.691,0,"Muna_328",25.739,-50.318,0,"CoalCat",14.196,-60.783,0,"AI",40.9,-90.65,0,"うよすま",4.288,-123.297,0,"AI",-40.8,-90.55,0,0,0,0,0,0,"",0,0,0,0,2226.7,,,,0,0
79,5,0,1,2,1,0,0,0,0,0,255,255,255,20,2239.471,"Yes_Man_",R,32,81,131,-0.145,-0.306,0.481,1.56,-0.319,1.363,-36.741,19.614,0,87,13,2,0,160.034,-55.468,11.781,0,0,1,1,6,L,"Pring__",190,93.089,0.485,3,37,W,Y,2240.481,255,141,111,114,85,145,130,34.168,-34.842,0.51,0,0.555,387.776,94.229,-157.171,0.013,-37.175,0,"encounter v",-0.063,-17.731,0,"Rite_",-20.418,-49.112,0,"_Gosomi",-12.419,-64.632,0,"Muna_328",25.745,-50.327,0,"CoalCat",14.439,-60.679,0,"AI",40.9,-90.65,0,"うよすま",4.601,-124.804,0,"AI",-40.8,-90.55,0,2245.687,67.196,-117.628,0,0,"",0,0,0,0,,2251.405,2256.592,,1,4
80,5,0,1,3,0,0,0,0,0,0,255,255,255,21,2276.116,"Yes_Man_",R,34,65,105,-0.366,0.041,0.44,1.621,-0.341,1.59,-36.741,27.236,0,82,18,2,0,83.924,-51.981,15.938,0,0,0,2,2,R,"xoxo_nemu",190,90.083,0.5,3,37,W,Y,2277.393,119,108,97,85,58,137,130,38.456,12.338,0.46,0,0.32,-260.015,190.61,18.563,0.05,-37.4,0,"encounter v",-0.05,-17.71,0,"Rite_",-21.528,-47.649,0,"_Gosomi",-14.154,-63.466,0,"Muna_328",23.54,-51.316,0,"CoalCat",11.722,-62.31,68,"AI",40.9,-90.65,0,"うよすま",-4.399,-119.619,0,"AI",-40.8,-90.55,0,2282.474,-28.871,-126.209,2285.021,7,"うよすま",-24.831,-123.793,1,0,,2288.476,,,49,2
81,5,0,1,3,0,0,0,0,1,0,255,12,255,22,2307.957,"Yes_Man_",R,32,81,132,-8.185,-0.959,0.486,1.529,-0.295,1.263,-36.741,23.16,0,100,0,2,0,193.515,-48.9,15.075,0,0,0,3,4,R,"P0TA0",190,96.215,0.525,3,37,W,Y,2308.884,255,76,146,75,25,145,90,15.781,43.203,-0.82,0,0.227,-47.962,79.783,-277.781,0.069,-37.252,0,"encounter v",-0.076,-17.71,0,"Rite_",-21.134,-46.845,92,"_Gosomi",-14.786,-62.942,0,"Muna_328",19.24,-45.66,0,"CoalCat",8.215,-60.825,74,"AI",40.9,-90.65,0,"うよすま",-3.38,-121.526,0,"AI",-40.8,-90.55,0,0,0,0,2310.061,2,"Rite_",-20.142,-41.016,0,0,,2311.915,,,81,1
82,5,0,1,3,0,0,1,0,1,0,255,12,255,23,2330.779,"Yes_Man_",R,10,69,112,-0.323,-1.283,0.539,1.724,-0.155,1.453,-36.741,35.86,43,57,0,4,0,0,400,7.528,0,0,1,4,3,R,"Ѕeyeon",170.6,80,0.4,0,37,W,Y,0,0,0,0,0,0,0,0,0,0,0,0,0,0,0,0,0.083,-37.802,0,"encounter v",-0.043,-17.705,0,"Rite_",-21.15,-47.156,0,"_Gosomi",-13.775,-62.86,0,"Muna_328",19.71,-44.026,0,"CoalCat",9.448,-61.683,0,"AI",40.9,-90.65,0,"うよすま",-4.932,-118.747,0,"AI",-40.8,-90.55,0,0,0,0,0,0,"",0,0,0,0,2331.634,,,,0,0
83,5,0,1,3,0,1,1,0,1,0,255,12,255,24,2345.925,"Yes_Man_",R,32,89,140,-0.319,1.783,0.469,1.878,-0.374,2.476,-36.741,30.333,0,99,1,1,0,158.966,-129.424,12.03,0,0,0,4,3,R,"Ѕeyeon",170.6,80,0.4,0,37,W,Y,0,0,0,0,0,0,0,0,0,0,0,0,0,0,0,0,0.284,-37.555,0,"encounter v",-0.043,-17.62,0,"Rite_",-21.514,-47.456,0,"_Gosomi",-15.345,-63.118,0,"Muna_328",19.917,-43.917,0,"CoalCat",8.427,-61.679,0,"AI",40.9,-90.65,0,"うよすま",-6.404,-116.663,0,"AI",-40.8,-90.55,0,0,0,0,0,0,"",0,0,0,0,2346.687,,,,0,0
84,5,0,1,3,1,1,1,0,1,0,255,12,255,25,2360.897,"Yes_Man_",R,0,83,135,0.235,1.59,0.747,1.882,0.079,2.491,-36.741,47.997,0,96,4,4,0,0,0,0.651,0,0,1,4,3,R,"Ѕeyeon",170.6,80,0.4,0,37,W,Y,0,0,0,0,0,0,0,0,0,0,0,0,0,0,0,0,0.288,-37.604,0,"encounter v",-0.032,-17.668,0,"Rite_",-21.523,-47.433,0,"_Gosomi",-15.176,-63.138,0,"Muna_328",20.192,-43.988,0,"CoalCat",8.295,-62.209,0,"AI",40.9,-90.65,0,"うよすま",-5.582,-115.626,0,"AI",-40.8,-90.55,0,0,0,0,0,0,"",0,0,0,0,2361.754,,,,0,0
85,5,0,1,3,1,2,1,0,1,0,255,12,255,26,2375.691,"Yes_Man_",R,7,64,113,0.254,0.178,0.461,1.767,-0.219,1.849,-36.741,30.076,53,47,0,2,0,173.795,103.398,1.62,0,0,1,4,3,R,"Ѕeyeon",170.6,80,0.4,3,37,W,Y,2376.769,254,95,83,52,26,145,126,-30,-4.238,0.58,0,0.506,-246.429,-205.526,-13.719,-0.021,-37.209,0,"encounter v",-0.041,-17.925,0,"Rite_",-21.526,-47.425,85,"_Gosomi",-14.718,-63.281,0,"Muna_328",18.422,-46.1,0,"CoalCat",7.34,-62.169,102,"AI",40.9,-90.65,0,"うよすま",-5.425,-115.609,0,"AI",-40.8,-90.55,0,2376.247,0.142,-20.785,2378.154,5,"CoalCat",2.993,-58.449,0,0,,2380.016,,,81,2
86,5,0,1,3,0,0,2,0,1,0,255,12,255,27,2387.286,"Yes_Man_",R,41,4,10,14.012,-2.796,0.258,1.346,6.094,-9.071,-36.741,50.934,0,0,100,1,0,-2.37,-62.977,-12.508,0.622,-34.194,0,4,5,L,"눈꽃",169.9,85,0.497,0,84,W,Y,0,0,0,0,0,0,0,0,0,0,0,0,0,0,0,0,-1.443,-37.549,0,"encounter v",-0.026,-17.705,0,"Rite_",-20.902,-46.809,0,"_Gosomi",-13.369,-64.692,0,"Muna_328",23.057,-46.689,0,"CoalCat",11.302,-62.105,0,"AI",40.9,-90.65,0,"うよすま",-0.845,-115.227,0,"AI",-40.8,-90.55,0,0,0,0,0,0,"",0,0,0,0,,,,,0,0
87,5,0,1,3,1,0,2,0,1,0,255,12,255,28,2410.19,"Yes_Man_",R,32,81,131,-1.814,0.431,0.317,1.676,-1.08,1.746,-36.741,19.806,0,92,8,1,0,186.022,-87.17,14.786,0,0,0,5,5,L,"눈꽃",169.9,85,0.497,0,37,W,Y,0,0,0,0,0,0,0,0,0,0,0,0,0,0,0,0,-0.011,-38.003,0,"encounter v",-0.053,-17.634,0,"Rite_",-21.111,-46.688,0,"_Gosomi",-13.582,-63.868,0,"Muna_328",22.814,-46.675,0,"CoalCat",13.296,-62.438,0,"AI",40.9,-90.65,0,"うよすま",2.543,-118.744,0,"AI",-40.8,-90.55,0,0,0,0,0,0,"",0,0,0,0,2411.1,,,,0,0
88,5,0,1,3,2,0,2,0,1,0,255,12,255,29,2422.429,"Yes_Man_",R,32,84,136,-0.888,-0.405,0.405,1.558,-0.672,1.323,-36.741,24.931,0,88,12,0,0,190.04,-47.447,8.047,0,0,0,5,5,L,"눈꽃",169.9,85,0.497,0,37,W,Y,0,0,0,0,0,0,0,0,0,0,0,0,0,0,0,0,0.007,-37.746,0,"encounter v",-0.05,-17.634,0,"Rite_",-21.335,-47.053,0,"_Gosomi",-11.749,-62.733,0,"Muna_328",22.79,-46.577,0,"CoalCat",13.55,-62.228,0,"AI",40.9,-90.65,0,"うよすま",3.457,-119.748,0,"AI",-40.8,-90.55,0,0,0,0,0,0,"",0,0,0,0,2423.5,,,,0,0
89,5,0,1,3,2,1,2,0,1,0,255,12,255,30,2436.386,"Yes_Man_",R,0,65,118,-0.888,0.246,0.463,1.673,-0.401,1.736,-36.741,29.289,46,54,0,0,0,0,0,1.931,0,0,0,5,5,L,"눈꽃",169.9,85,0.497,0,37,W,Y,0,0,0,0,0,0,0,0,0,0,0,0,0,0,0,0,-0.037,-37.772,0,"encounter v",-0.015,-17.615,0,"Rite_",-21.371,-47.088,0,"_Gosomi",-13.099,-64.064,0,"Muna_328",22.911,-46.602,0,"CoalCat",13.534,-62.261,0,"AI",40.9,-90.65,0,"うよすま",2.979,-119.238,0,"AI",-40.8,-90.55,0,0,0,0,0,0,"",0,0,0,0,2437.247,,,,0,0
90,5,0,1,3,2,2,2,0,1,0,255,12,255,31,2450.827,"Yes_Man_",R,10,69,112,-0.987,-1.188,0.497,1.736,-0.443,1.514,-36.741,36.114,42,58,0,2,0,0,400,-1.847,0,0,1,5,5,L,"눈꽃",169.9,85,0.497,3,37,W,Y,2451.907,245,122,45,90,46,134,119,25.385,-47.136,0.32,0,0.498,140.905,245.11,9.03,0.192,-37.424,0,"encounter v",-0.045,-17.817,0,"Rite_",-21.299,-47.015,0,"_Gosomi",-13.211,-63.938,88,"Muna_328",22.865,-46.576,0,"CoalCat",13.186,-61.993,0,"AI",40.9,-90.65,0,"うよすま",2.313,-116.768,0,"AI",-40.8,-90.55,0,2456.034,72.721,-95.083,2457.62,6,"AI",67.107,-91.086,1,0,,2461.408,2458.369,,3,2
91,5,0,1,3,0,0,2,0,1,1,255,15,12,32,2483.06,"Yes_Man_",R,32,82,133,-1.891,-0.205,0.306,1.573,-1.132,1.406,-36.741,15.635,0,100,0,2,0,236.664,-83.335,48.249,0,0,1,6,1,L,"Azuner",190,80,0.297,3,37,W,Y,2484.168,255,71,82,83,65,145,103,98.941,79.413,-0.21,0,0.607,291.574,-183.402,-133.618,0.175,-37.652,0,"encounter v",-0.159,-17.891,0,"Rite_",-20.784,-47.883,0,"_Gosomi",-12.001,-62.975,0,"Muna_328",21.374,-44.286,0,"CoalCat",13.664,-59.479,0,"AI",40.9,-90.65,0,"うよすま",8.348,-123.363,0,"AI",-40.8,-90.55,0,0,0,0,0,0,"",0,0,0,0,,2486.749,,,1,3
92,5,0,1,3,0,1,2,0,1,1,255,15,12,33,2499.419,"Yes_Man_",R,32,83,135,-0.103,-0.181,0.47,1.572,-0.373,1.402,-36.741,19.62,0,88,12,0,0,219.446,-101.476,22.539,0,0,0,6,1,L,"Azuner",190,80,0.297,0,74,W,Y,0,0,0,0,0,0,0,0,0,0,0,0,0,0,0,0,0.17,-37.652,0,"encounter v",-0.041,-17.596,0,"Rite_",-20.686,-45.827,0,"_Gosomi",-9.124,-64.578,0,"Muna_328",22.628,-45.845,0,"CoalCat",13.776,-60.427,0,"AI",40.9,-90.65,0,"うよすま",7.646,-122.426,0,"AI",-40.8,-90.55,0,0,0,0,0,0,"",0,0,0,0,2500.407,2502.286,,,0,0
93,5,0,1,3,0,2,2,0,1,1,255,15,12,34,2512.857,"Yes_Man_",R,10,67,111,-0.237,-1.401,0.524,1.522,-0.118,1.241,-36.741,41.962,36,64,0,4,0,0,384.012,-3.552,0,0,1,6,1,L,"Azuner",190,80,0.297,0,74,W,Y,0,0,0,0,0,0,0,0,0,0,0,0,0,0,0,0,0.042,-37.926,0,"encounter v",-0.025,-17.674,0,"Rite_",-20.965,-45.823,0,"_Gosomi",-11.605,-64.729,0,"Muna_328",22.454,-45.706,0,"CoalCat",13.907,-60.289,0,"AI",40.9,-90.65,0,"うよすま",7.537,-121.803,0,"AI",-40.8,-90.55,0,0,0,0,0,0,"",0,0,0,0,2513.767,2515.255,,,0,0
94,6,1,1,3,0,0,0,0,0,0,255,255,255,38,2547.927,"Pugeuk",R,29,91,140,0.613,-1.025,0.566,1.531,0.561,0.881,-36.693,35.299,54,46,0,0,0,-226.739,-135.695,17.182,0,0,0,5,7,R,"うよすま",174.5,85.385,0.5,0,37,W,Y,0,0,0,0,0,0,0,0,0,0,0,0,0,0,0,0,0.196,-37.289,0,"Azuner",0.033,-17.562,0,"xoxo_nemu",-20.309,-45.719,0,"Ѕeyeon",-15.118,-63.802,0,"P0TA0",18.722,-46.324,0,"눈꽃",13.007,-64.527,0,"Pring__",53.253,-103.138,0,"AI",0,-109.84,0,"AI",-40.8,-90.55,0,0,0,0,0,0,"",0,0,0,0,2548.634,,,,0,0
95,6,1,1,3,0,1,0,0,0,0,255,255,255,39,2559.367,"Pugeuk",R,29,90,140,-0.725,-0.042,0.446,1.69,0.003,1.441,-36.693,20.592,62,38,0,2,0,-242.21,-141.016,9.707,0,0,1,5,7,R,"うよすま",174.5,85.385,0.5,3,37,W,Y,2560.359,255,76,96,79,6,145,92,107.433,-73.973,0.95,0,0.376,-484.909,-171.595,-89.91,0.441,-36.919,0,"Azuner",-0.059,-17.55,0,"xoxo_nemu",-20.223,-45.683,0,"Ѕeyeon",-15.078,-63.752,0,"P0TA0",18.703,-46.191,0,"눈꽃",10.936,-65.007,0,"Pring__",53.376,-103.166,0,"AI",0,-109.84,0,"AI",-40.8,-90.55,0,0,0,0,0,0,"",0,0,0,0,,,,,1,3
96,6,1,1,3,0,2,0,0,0,0,255,255,255,40,2575.48,"Pugeuk",R,13,72,99,1.474,-0.576,0.906,1.823,1.428,1.826,-36.693,41.842,33,67,0,2,0,-355.41,306.683,36.002,0,0,1,5,7,R,"うよすま",174.5,85.385,0.5,3,37,W,Y,2576.671,195,98,110,58,5,145,126,13.026,-28.876,0.51,0,0.351,-405.547,330.283,-290.769,-0.12,-37.318,0,"Azuner",0.044,-17.561,0,"xoxo_nemu",-19.825,-45.372,0,"Ѕeyeon",-15.278,-63.959,85,"P0TA0",17.481,-47.577,0,"눈꽃",7.733,-66.672,92,"Pring__",53.947,-103.465,99,"AI",0,-109.84,0,"AI",-40.8,-90.55,0,2578.234,29.147,-77.956,2579.807,6,"Pring__",39.608,-101.322,1,0,,,,,51,2
97,6,1,1,3,0,0,0,1,0,0,7,255,255,41,2614.136,"Pugeuk",R,29,91,140,-0.074,-0.853,0.496,1.538,0.234,0.967,-36.693,22.344,59,41,0,0,0,-211.859,-121.1,27.825,0,0,1,6,2,R,"Rite_",190,80,0.455,0,46,W,Y,0,0,0,0,0,0,0,0,0,0,0,0,0,0,0,0,0.339,-37.509,0,"Azuner",0.058,-20.249,0,"xoxo_nemu",-19.709,-44.363,0,"Ѕeyeon",-13.655,-62.422,0,"P0TA0",18.431,-46.505,0,"눈꽃",0.665,-60.007,0,"Pring__",52.688,-103.777,0,"AI",0,-109.84,0,"AI",-40.8,-90.55,0,0,0,0,0,0,"",0,0,0,0,2614.887,,,,0,0
98,6,1,1,3,0,1,0,1,0,0,7,255,255,42,2645.088,"Pugeuk",R,26,93,140,0.5,-1.711,0.37,1.443,-0.064,0.448,-36.693,30.901,45,55,0,2,0,-34.416,-200,25.918,0,0,1,6,2,R,"Rite_",190,80,0.455,3,46,W,Y,2646.62,255,161,88,91,47,145,130,24.598,34.804,0.34,0,0.368,161.224,293.689,64.511,0.392,-36.965,0,"Azuner",-0.021,-17.893,0,"xoxo_nemu",-19.4,-44.499,0,"Ѕeyeon",-12.556,-61.23,0,"P0TA0",19.212,-45.404,0,"눈꽃",0.716,-59.956,0,"Pring__",48.047,-105.129,0,"AI",0,-109.84,0,"AI",-40.8,-90.55,0,2650.874,-72.904,-110.109,0,0,"",0,0,0,0,,2652.785,2657.77,2662.64,1,4
99,6,1,3,3,0,0,0,0,0,0,255,255,255,43,2686.649,"Pugeuk",R,29,80,130,0.697,0.942,0.578,1.875,0.618,2.058,-36.693,26.025,52,48,0,2,0,-220.326,-144.463,5.518,0,0,1,0,0,R,"Yes_Man_",190,84.826,0.502,3,37,W,Y,2687.826,205,50,102,77,0,145,111,10.139,39.584,0.89,0,0.477,-133.61,430.714,-42.976,0.274,-37.099,0,"Azuner",0.021,-17.628,0,"xoxo_nemu",-18.887,-44.141,0,"Ѕeyeon",-14.152,-63.261,0,"P0TA0",18.481,-46.051,0,"눈꽃",3.878,-65.955,86,"Pring__",49.031,-100.303,0,"AI",0,-109.84,0,"AI",-40.8,-90.55,0,2689.287,-36.47,-58.267,2694.18,8,"AI",-71.029,-97.043,1,0,,2698.24,,,33,2
100,6,1,3,3,0,0,0,0,1,0,255,0,255,44,2718.527,"Pugeuk",R,13,71,99,-1.12,-0.926,0.509,1.75,0.199,1.653,-36.693,30.435,36,64,0,2,0,-325.257,345.532,7.505,0,0,1,1,3,R,"_Gosomi",175.3,86.038,0.48,3,37,W,Y,2719.775,255,71,83,117,73,145,99,14.652,-27.087,0.92,0,0.44,-274.378,291.79,-106.06,-0.209,-37.544,0,"Azuner",-0.072,-17.655,0,"xoxo_nemu",-20.743,-45.728,0,"Ѕeyeon",-11.205,-63.29,0,"P0TA0",18.785,-45.433,0,"눈꽃",5.366,-61.673,0,"Pring__",46.992,-107.622,101,"AI",0,-109.84,0,"AI",-40.8,-90.55,0,2721.541,22.215,-70.31,2723.834,6,"Pring__",32.253,-94.97,1,0,,,2724.848,,19,2
101,6,1,3,3,0,0,0,1,0,1,3,255,0,45,2752.466,"Pugeuk",R,6,80,105,-1.64,-0.18,-0.095,1.701,-1.675,1.549,-36.693,5.61,53,47,0,1,0,476.438,29.556,26.203,-1.146,-22.14,0,2,1,L,"encounter v",190,90.067,0.45,0,37,W,Y,0,0,0,0,0,0,0,0,0,0,0,0,0,0,0,0,0.275,-37.62,0,"Azuner",-0.035,-18.104,0,"xoxo_nemu",-18.481,-43.56,0,"Ѕeyeon",-4.876,-62.651,0,"P0TA0",19.001,-42.757,0,"눈꽃",14.609,-58.29,0,"Pring__",51.431,-100.811,0,"AI",0,-109.84,0,"AI",-40.8,-90.55,0,0,0,0,0,0,"",0,0,0,0,2755.781,,,,0,0
102,6,1,3,3,1,0,0,1,0,1,3,255,0,46,2770.66,"Pugeuk",R,14,82,107,0.344,-1.145,0.346,1.604,-0.617,1.339,-36.693,20.051,54,46,0,4,0,379.786,312.348,30.253,0,0,1,2,1,L,"encounter v",190,90.067,0.45,0,37,W,Y,0,0,0,0,0,0,0,0,0,0,0,0,0,0,0,0,0.204,-37.57,0,"Azuner",0.097,-17.752,0,"xoxo_nemu",-18.538,-41.684,0,"Ѕeyeon",-4.314,-61.573,0,"P0TA0",19.05,-42.751,0,"눈꽃",15.546,-58.3,0,"Pring__",51.249,-103.446,0,"AI",0,-109.84,0,"AI",-40.8,-90.55,0,0,0,0,0,0,"",0,0,0,0,2771.5,,2772.949,,0,0
103,6,1,3,3,1,1,0,1,0,1,3,255,0,47,2801.676,"Pugeuk",R,6,81,107,1.455,-0.709,0.466,1.533,-0.247,1.186,-36.693,26.854,47,53,0,0,0,447.556,6.608,17.301,0,0,1,2,1,L,"encounter v",190,90.067,0.45,0,37,W,Y,0,0,0,0,0,0,0,0,0,0,0,0,0,0,0,0,0.245,-37.604,0,"Azuner",-0.115,-18.629,0,"xoxo_nemu",-19.219,-43.019,0,"Ѕeyeon",-4.378,-63.051,0,"P0TA0",19.514,-42.489,0,"눈꽃",15.358,-55.84,0,"Pring__",49.88,-103.018,0,"AI",0,-109.84,0,"AI",-40.8,-90.55,0,0,0,0,0,0,"",0,0,0,0,2802.447,,,,0,0
104,6,1,3,3,1,2,0,1,0,1,3,255,0,48,2817.373,"Pugeuk",R,29,86,139,-3.417,1.056,0.302,1.916,-1.13,2.19,-36.693,20.069,93,7,0,4,0,-197.671,-146.307,-3.114,-0.503,-21.513,1,2,1,L,"encounter v",190,90.067,0.45,0,37,W,Y,0,0,0,0,0,0,0,0,0,0,0,0,0,0,0,0,0.249,-37.344,0,"Azuner",-0.219,-18.521,0,"xoxo_nemu",-18.837,-43.441,0,"Ѕeyeon",-5.92,-63.863,0,"P0TA0",18.284,-43.31,0,"눈꽃",15.467,-55.421,0,"Pring__",54.852,-100.345,0,"AI",0,-109.84,0,"AI",-40.8,-90.55,0,0,0,0,0,0,"",0,0,0,0,2820.247,,2819.608,,0,0
105,6,1,3,3,0,0,1,1,0,1,3,255,0,49,2843.334,"Pugeuk",R,29,84,137,0.005,-0.111,0.508,1.663,0.291,1.372,-36.693,11.537,45,55,0,2,0,-215.812,-184.742,12.898,0,0,1,3,4,R,"Muna_328",190,89.724,0.4,3,37,W,Y,2844.421,255,102,174,5,0,145,90,44.139,44.145,-0.81,0,0.84,221.215,-163.285,125.337,0.371,-37.217,0,"Azuner",0.014,-17.725,0,"xoxo_nemu",-19.504,-43.48,0,"Ѕeyeon",-10.683,-62.544,0,"P0TA0",18.49,-45.977,0,"눈꽃",6.245,-61.602,103,"Pring__",47.428,-105.193,0,"AI",0,-109.84,0,"AI",-40.8,-90.55,0,2848.727,-48.695,-72.258,2849.38,8,"AI",-49.775,-73.55,1,0,,2850.769,,2850.868,33,2
106,6,1,4,3,0,0,1,1,1,0,4,3,255,50,2871.343,"Pugeuk",R,29,88,140,-0.619,-1.245,0.447,1.49,0.01,0.706,-36.693,12.801,52,48,0,1,0,-214.802,-200,15.637,0,0,0,4,5,R,"CoalCat",168.4,82.838,0.435,0,37,W,Y,0,0,0,0,0,0,0,0,0,0,0,0,0,0,0,0,0.392,-37.286,0,"Azuner",-0.007,-17.737,0,"xoxo_nemu",-18.732,-42.459,0,"Ѕeyeon",-12.676,-61.526,0,"P0TA0",19.582,-42.104,0,"눈꽃",11.776,-59.921,0,"Pring__",49.127,-106.024,0,"AI",0,-109.84,0,"AI",-40.8,-90.55,0,0,0,0,0,0,"",0,0,0,0,2872.367,2874.545,,,0,0
107,6,1,4,3,1,0,1,1,1,0,4,3,255,51,2885.23,"Pugeuk",R,29,86,139,-0.492,0.708,0.47,1.787,0.117,1.789,-36.693,23.605,98,2,0,2,0,-250,-200,8.012,0,0,0,4,5,R,"CoalCat",168.4,82.838,0.435,3,37,W,Y,2886.5,255,49,105,54,5,145,92,14.485,28.149,-0.34,0,0.462,-51.889,-151.003,-2.234,0.511,-36.929,0,"Azuner",0.019,-17.679,0,"xoxo_nemu",-18.525,-42.223,0,"Ѕeyeon",-12.994,-61.001,96,"P0TA0",17.941,-44.625,0,"눈꽃",7.866,-61.397,92,"Pring__",48.743,-105.563,0,"AI",0,-109.84,0,"AI",-40.8,-90.55,0,0,0,0,2888.26,3,"Ѕeyeon",-19.895,-56.923,0,0,,2890.659,,,49,1
108,6,1,4,3,0,0,2,1,1,0,4,3,255,52,2909.453,"Pugeuk",R,14,74,101,1.764,-0.087,0.383,1.935,-0.192,2.088,-36.693,26.629,91,9,0,2,0,329.037,348.683,3.26,0,0,1,5,7,R,"うよすま",174.5,85.385,0.5,3,37,W,Y,2910.628,255,45,79,75,40,145,107,28.054,-15.076,0.09,0,0.421,148.631,151.785,269.552,0.315,-37.133,0,"Azuner",0.02,-17.69,0,"xoxo_nemu",-19.285,-40.514,0,"Ѕeyeon",-14.304,-62.229,0,"P0TA0",17.975,-45.428,85,"눈꽃",8.691,-61.965,0,"Pring__",49.699,-105.77,0,"AI",0,-109.84,0,"AI",-40.8,-90.55,0,2914.98,20.313,-109.756,2918.567,7,"AI",23.185,-132.135,1,0,,2915.861,2915.879,2920.638,9,2
109,6,1,6,3,0,0,2,0,1,0,255,7,255,53,2944.915,"Pugeuk",R,27,76,127,-0.433,0.775,0.442,1.647,-0.014,1.968,-36.693,28.696,48,52,0,2,0,-121.319,-134.105,10.478,0,0,1,6,2,R,"Rite_",190,80,0.455,3,37,W,Y,2946.141,197,146,76,74,36,145,130,-30,44.928,0.66,0,0.368,-297.525,466.201,-97.122,0.427,-37.021,0,"Azuner",-0.07,-17.802,0,"xoxo_nemu",-20.075,-45.225,0,"Ѕeyeon",-13.451,-62.828,0,"P0TA0",19.062,-40.626,0,"눈꽃",2.895,-60.829,0,"Pring__",46.854,-104.21,0,"AI",0,-109.84,0,"AI",-40.8,-90.55,0,2945.634,-2.282,-21.239,0,0,"",0,0,0,0,,2956.7,2947.205,,1,3
110,6,1,6,3,0,1,2,0,1,0,255,7,255,54,2984.882,"Pugeuk",R,27,80,130,0.068,1.137,0.437,1.717,-0.04,2.196,-36.693,29.145,92,8,0,2,0,37.381,-135.413,18.11,0,0,1,6,2,R,"Rite_",190,80,0.455,3,37,W,Y,2986.095,224,126,89,70,44,145,101,60.997,35.116,-0.3,0,0.368,561.641,171.608,31.24,0.479,-37.095,0,"Azuner",0.028,-17.657,0,"xoxo_nemu",-20.832,-46.215,0,"Ѕeyeon",-14.877,-63.036,0,"P0TA0",18.389,-44.867,0,"눈꽃",4.873,-63.021,0,"Pring__",49.014,-105.877,0,"AI",0,-109.84,0,"AI",-40.8,-90.55,0,2992.154,-40.802,-66.525,0,0,"",0,0,0,0,,,2991.475,,1,1
111,6,0,6,3,0,0,0,0,0,0,255,255,255,35,3036.676,"Yes_Man_",R,34,83,134,2.811,-0.592,0.709,1.566,0.741,1.382,-36.741,42.576,0,76,24,2,0,94.104,-0.969,2.866,0,0,0,0,6,R,"Pugeuk",190,86.201,0.347,3,37,W,Y,3037.774,236,34,99,20,22,139,130,105.266,-71.517,0.58,0,0.643,-289.666,449.37,-195.122,-0.052,-37.145,0,"encounter v",0.013,-17.876,0,"Rite_",-20.375,-45.329,0,"_Gosomi",-15.419,-62.712,0,"Muna_328",24.254,-52.086,0,"CoalCat",11.845,-62.482,0,"AI",40.9,-90.65,0,"うよすま",-6.139,-117.31,0,"AI",-40.8,-90.55,0,0,0,0,0,0,"",0,0,0,0,,,,,1,3
112,6,0,6,3,0,1,0,0,0,0,255,255,255,36,3052.994,"Yes_Man_",R,3,78,121,-1.131,0.114,0.542,1.657,-0.035,1.677,-36.741,26.19,0,97,3,0,0,-284.915,0,1.697,0,0,1,0,6,R,"Pugeuk",190,86.201,0.347,0,62,W,Y,0,0,0,0,0,0,0,0,0,0,0,0,0,0,0,0,0.175,-37.908,0,"encounter v",-0.059,-17.631,0,"Rite_",-20.678,-45.892,0,"_Gosomi",-15.518,-62.449,0,"Muna_328",24.297,-52.551,0,"CoalCat",10.975,-62.515,0,"AI",40.9,-90.65,0,"うよすま",-6.086,-117.144,0,"AI",-40.8,-90.55,0,0,0,0,0,0,"",0,0,0,0,3053.914,,,,0,0
113,6,0,6,3,0,2,0,0,0,0,255,255,255,37,3066.57,"Yes_Man_",R,32,89,140,-2.889,0.337,0.213,1.68,-1.565,1.751,-36.741,12.096,0,97,3,2,0,224.505,-78.903,29.689,0,0,1,0,6,R,"Pugeuk",190,86.201,0.347,3,62,W,Y,3067.646,206,71,93,31,19,142,109,-30,53.323,0.92,0,0.635,-113.976,254.313,-103.316,0.022,-37.451,0,"encounter v",-0.248,-17.895,0,"Rite_",-20.527,-45.784,0,"_Gosomi",-15.578,-62.768,0,"Muna_328",24.278,-52.501,0,"CoalCat",10.768,-62.521,0,"AI",40.9,-90.65,0,"うよすま",-6.003,-117.077,0,"AI",-40.8,-90.55,0,3067.207,-3.109,-20.978,0,0,"",0,0,0,0,,,,,1,3
114,6,0,6,3,0,2,0,0,0,0,255,255,255,38,3082.491,"Yes_Man_",R,14,59,102,0.616,-1.413,0.426,1.641,-0.437,1.245,-36.741,29.47,53,47,0,2,0,333.276,347.593,-0.405,0,0,1,0,6,R,"Pugeuk",190,86.201,0.347,3,62,W,Y,3083.681,248,112,130,141,83,145,114,25.827,-11.95,0.83,0,0.884,-206.862,454.852,226.182,0.158,-37.612,0,"encounter v",-0.09,-18.037,0,"Rite_",-20.417,-47.414,0,"_Gosomi",-15.666,-63.026,0,"Muna_328",24.098,-51.847,0,"CoalCat",12.667,-62.402,0,"AI",40.9,-90.65,0,"うよすま",-7.842,-116.244,0,"AI",-40.8,-90.55,0,3087.62,8.625,-116.197,3087.834,7,"うよすま",8.623,-113.07,0,0,,,,,33,1
115,6,0,6,3,0,0,1,0,0,0,255,255,255,39,3106.492,"Yes_Man_",R,32,84,137,-0.851,-0.203,0.41,1.567,-0.65,1.384,-36.741,23.702,0,100,0,0,0,190.167,-109.476,23.048,0,0,0,1,0,L,"Pring__",190,93.089,0.485,0,37,W,Y,0,0,0,0,0,0,0,0,0,0,0,0,0,0,0,0,0.135,-37.708,0,"encounter v",-0.033,-17.653,0,"Rite_",-21.238,-47.396,0,"_Gosomi",-13.824,-63.84,0,"Muna_328",25.269,-50.361,0,"CoalCat",13,-62.212,0,"AI",40.9,-90.65,0,"うよすま",7.546,-121.932,0,"AI",-40.8,-90.55,0,0,0,0,0,0,"",0,0,0,0,3107.22,,,,0,0
116,6,0,6,3,0,1,1,0,0,0,255,255,255,40,3119.342,"Yes_Man_",R,3,82,126,-2.166,0.076,0.449,1.65,-0.468,1.654,-36.741,24.161,0,92,8,2,0,-309.174,0,11.124,0,0,1,1,0,L,"Pring__",190,93.089,0.485,3,37,W,Y,3120.219,255,99,122,123,64,145,93,58.938,12.197,-0.67,0,0.467,506.16,-58.753,-74.649,0.014,-37.512,0,"encounter v",-0.099,-17.765,0,"Rite_",-19.75,-47.862,0,"_Gosomi",-13.622,-63.959,99,"Muna_328",25.257,-50.299,0,"CoalCat",13.461,-61.867,0,"AI",40.9,-90.65,0,"うよすま",6.448,-122.52,0,"AI",-40.8,-90.55,0,3126.14,-10.847,-71.051,3126.301,3,"_Gosomi",-10.675,-70.133,0,0,,,,,3,1
117,6,0,6,3,0,0,2,0,0,0,255,255,255,41,3142.581,"Yes_Man_",R,33,71,123,-0.131,0.245,0.497,1.666,-0.247,1.705,-36.741,31.788,0,78,22,2,0,107.062,-52.307,11.394,0,0,1,2,2,R,"xoxo_nemu",190,90.083,0.5,3,37,W,Y,3143.747,145,103,39,80,44,120,103,26.241,34.73,0.88,0,0.168,80.792,455.082,-188.183,0.004,-37.427,0,"encounter v",-0.115,-17.812,0,"Rite_",-21.053,-48.233,0,"_Gosomi",-15.816,-62.57,0,"Muna_328",23.609,-53.466,0,"CoalCat",11.763,-63.155,81,"AI",40.9,-90.65,0,"うよすま",-5.773,-119.734,0,"AI",-40.8,-90.55,0,3148.194,-60.31,-89.33,3150.314,8,"AI",-68.339,-97.516,1,0,,,,,17,2
118,6,0,6,3,0,0,2,1,0,0,12,255,255,42,3173.374,"Yes_Man_",R,32,87,140,-3.342,0.441,0.166,1.705,-1.785,1.831,-36.741,10.178,0,98,2,1,0,234.697,-60.041,14.68,0,0,0,3,4,R,"P0TA0",190,96.215,0.525,0,37,W,Y,0,0,0,0,0,0,0,0,0,0,0,0,0,0,0,0,0.024,-37.715,0,"encounter v",-0.14,-17.631,0,"Rite_",-20.643,-46.607,0,"_Gosomi",-16.68,-61.986,0,"Muna_328",23.383,-50.224,0,"CoalCat",9.131,-63.253,0,"AI",40.9,-90.65,0,"うよすま",-5.585,-120.148,0,"AI",-40.8,-90.55,0,0,0,0,0,0,"",0,0,0,0,3173.94,,,,0,0
119,6,0,6,3,1,0,2,1,0,0,12,255,255,43,3187.686,"Yes_Man_",R,3,80,123,-1.523,-0.152,0.51,1.606,-0.183,1.512,-36.741,29.293,0,97,3,2,0,-303.906,1.898,2.048,0,0,1,3,4,R,"P0TA0",190,96.215,0.525,3,37,W,Y,3188.594,255,73,137,100,48,145,108,28.015,19.575,0.9,0,0.26,24.139,-67.135,450.984,0.036,-37.329,0,"encounter v",-0.11,-17.795,0,"Rite_",-20.613,-46.542,0,"_Gosomi",-16.442,-61.957,0,"Muna_328",23.384,-50.172,0,"CoalCat",9.196,-62.988,0,"AI",40.9,-90.65,0,"うよすま",-6.494,-120.652,0,"AI",-40.8,-90.55,0,3192.567,-30.9,-105.156,3195.394,7,"うよすま",-37.035,-124.49,1,0,,3194.637,3200.003,,33,2
120,6,0,6,3,0,0,2,0,1,1,255,14,12,44,3217.529,"Yes_Man_",R,0,66,119,-0.861,1.597,0.495,1.963,-0.354,2.492,-36.741,37.304,52,48,0,2,0,-21.57,0,3.62,0,0,1,4,3,R,"Ѕeyeon",170.6,80,0.4,3,37,W,Y,3218.576,234,81,92,59,32,145,126,-7.861,-15.647,0.52,0,0.46,-54.228,262.808,-2.427,-0.006,-37.576,0,"encounter v",-0.169,-17.837,0,"Rite_",-21.314,-47.727,0,"_Gosomi",-14.797,-62.937,0,"Muna_328",17.599,-44.904,0,"CoalCat",9.314,-62.442,102,"AI",40.9,-90.65,0,"うよすま",-4.735,-113.328,0,"AI",-40.8,-90.55,0,3218.167,2.227,-29.198,3219.66,5,"CoalCat",10.12,-58.626,0,0,3244.341,,3222.398,,86,2
121,7,1,6,3,0,0,0,0,0,0,255,255,255,55,3292.088,"Pring__",R,32,91,140,-2.173,-1.228,0.043,1.275,-1.198,0.681,-36.186,19.102,35,65,0,1,0,216.059,-200,35.355,0,0,0,0,0,R,"Yes_Man_",190,84.826,0.502,0,37,W,Y,0,0,0,0,0,0,0,0,0,0,0,0,0,0,0,0,-0.269,-37.787,0,"Azuner",-0.081,-17.544,0,"xoxo_nemu",-19.507,-44.911,0,"Ѕeyeon",-15.12,-64.673,0,"P0TA0",18.433,-46.017,0,"눈꽃",13.096,-64.733,0,"Pugeuk",40.971,-98.74,0,"AI",0,-109.84,0,"AI",-40.8,-90.55,0,0,0,0,0,0,"",0,0,0,0,3292.94,,,,0,0
122,7,1,6,3,1,0,0,0,0,0,255,255,255,56,3307.14,"Pring__",R,32,88,140,-0.731,0.313,0.163,1.376,-0.639,1.655,-36.186,24.984,24,76,0,0,0,244.33,-200,10.487,0,0,0,0,0,R,"Yes_Man_",190,84.826,0.502,0,37,W,Y,0,0,0,0,0,0,0,0,0,0,0,0,0,0,0,0,-0.202,-37.748,0,"Azuner",-0.075,-17.529,0,"xoxo_nemu",-19.466,-44.803,0,"Ѕeyeon",-15.585,-64.81,0,"P0TA0",18.849,-45.878,0,"눈꽃",11.106,-64.842,0,"Pugeuk",40.898,-99.132,0,"AI",0,-109.84,0,"AI",-40.8,-90.55,0,0,0,0,0,0,"",0,0,0,0,3307.994,,,,0,0
123,7,1,6,3,1,1,0,0,0,0,255,255,255,57,3323.676,"Pring__",R,32,91,140,-0.056,0.858,0.131,1.486,-0.321,2.014,-36.186,18.974,0,100,0,0,0,227.054,-178.298,18.162,0,0,1,0,0,R,"Yes_Man_",190,84.826,0.502,0,37,W,Y,0,0,0,0,0,0,0,0,0,0,0,0,0,0,0,0,-0.102,-37.636,0,"Azuner",-0.003,-17.53,0,"xoxo_nemu",-19.441,-44.603,0,"Ѕeyeon",-14.929,-63.809,0,"P0TA0",18.955,-45.836,0,"눈꽃",10.984,-66.325,0,"Pugeuk",39.734,-98.698,0,"AI",0,-109.84,0,"AI",-40.8,-90.55,0,0,0,0,0,0,"",0,0,0,0,3324.487,,,,0,0
124,7,1,6,3,1,2,0,0,0,0,255,255,255,58,3338.386,"Pring__",R,13,87,110,-2.556,-0.877,0.064,1.491,-0.423,1.471,-36.186,15.803,47,53,0,4,0,-387.281,316.249,38.952,0,0,1,0,0,R,"Yes_Man_",190,84.826,0.502,0,37,W,Y,0,0,0,0,0,0,0,0,0,0,0,0,0,0,0,0,-0.074,-37.669,0,"Azuner",-0.322,-17.57,0,"xoxo_nemu",-19.447,-44.595,0,"Ѕeyeon",-17.031,-64.649,0,"P0TA0",18.589,-46.061,0,"눈꽃",4.31,-63.528,0,"Pugeuk",39.65,-98.681,0,"AI",0,-109.84,0,"AI",-40.8,-90.55,0,0,0,0,0,0,"",0,0,0,0,3339.42,,,,0,0
125,7,1,6,3,0,0,1,0,0,0,255,255,255,59,3363.726,"Pring__",R,3,81,119,-1.728,-0.237,0.301,1.526,0.007,1.481,-36.186,30.503,0,100,0,4,0,-499.879,10.997,20.633,0,0,1,1,3,R,"_Gosomi",175.3,86.038,0.48,0,47,W,Y,0,0,0,0,0,0,0,0,0,0,0,0,0,0,0,0,-0.066,-37.905,0,"Azuner",-0.149,-17.707,0,"xoxo_nemu",-19.47,-44.582,0,"Ѕeyeon",-13.221,-64.773,0,"P0TA0",18.4,-46.315,0,"눈꽃",8.851,-65.06,0,"Pugeuk",39.88,-98.627,0,"AI",0,-109.84,0,"AI",-40.8,-90.55,0,0,0,0,0,0,"",0,0,0,0,3364.687,,,,0,0
126,7,1,6,3,0,1,1,0,0,0,255,255,255,60,3380.694,"Pring__",R,32,91,140,-1.853,-1.064,-0.023,1.336,-1.038,0.812,-36.186,12.54,43,57,0,1,0,210.869,-200,54.072,0,0,0,1,3,R,"_Gosomi",175.3,86.038,0.48,0,47,W,Y,0,0,0,0,0,0,0,0,0,0,0,0,0,0,0,0,0.04,-37.866,0,"Azuner",-0.07,-17.75,0,"xoxo_nemu",-19.46,-44.563,0,"Ѕeyeon",-13.239,-64.809,0,"P0TA0",18.318,-46.93,0,"눈꽃",11.088,-65.024,0,"Pugeuk",41.203,-100.815,0,"AI",0,-109.84,0,"AI",-40.8,-90.55,0,0,0,0,0,0,"",0,0,0,0,3381.581,,,,0,0
127,7,1,6,3,1,1,1,0,0,0,255,255,255,61,3396.309,"Pring__",R,32,93,140,-1.932,-0.305,-0.046,1.263,-1.146,1.261,-36.186,17.985,0,100,0,1,0,250,-200,32.808,0,0,0,1,3,R,"_Gosomi",175.3,86.038,0.48,0,47,W,Y,0,0,0,0,0,0,0,0,0,0,0,0,0,0,0,0,-0.202,-37.929,0,"Azuner",-0.182,-17.772,0,"xoxo_nemu",-19.217,-44.481,0,"Ѕeyeon",-13.145,-64.571,0,"P0TA0",18.315,-46.512,0,"눈꽃",11.994,-65.119,0,"Pugeuk",41.193,-100.913,0,"AI",0,-109.84,0,"AI",-40.8,-90.55,0,0,0,0,0,0,"",0,0,0,0,3397.074,,,,0,0
128,7,1,6,3,2,1,1,0,0,0,255,255,255,62,3414.078,"Pring__",R,10,83,110,0.964,-1.319,0.332,1.414,0.41,1.39,-36.186,31.519,50,50,0,4,0,0,400,6.041,0,0,1,1,3,R,"_Gosomi",175.3,86.038,0.48,0,47,W,Y,0,0,0,0,0,0,0,0,0,0,0,0,0,0,0,0,-0.109,-37.83,0,"Azuner",0.147,-17.762,0,"xoxo_nemu",-19.246,-44.514,0,"Ѕeyeon",-13.142,-64.584,0,"P0TA0",18.65,-46.434,0,"눈꽃",13.937,-63.722,0,"Pugeuk",41.091,-100.784,0,"AI",0,-109.84,0,"AI",-40.8,-90.55,0,0,0,0,0,0,"",0,0,0,0,3415.021,,,,0,0
129,7,1,6,3,2,2,1,0,0,0,255,255,255,63,3432.268,"Pring__",R,32,94,140,-1.545,0.531,-0.007,1.401,-0.961,1.744,-36.186,7.768,0,100,0,1,0,250,-200,45.962,0,0,0,1,3,R,"_Gosomi",175.3,86.038,0.48,0,47,W,Y,0,0,0,0,0,0,0,0,0,0,0,0,0,0,0,0,-0.165,-37.922,0,"Azuner",-0.121,-17.755,0,"xoxo_nemu",-19.31,-44.515,0,"Ѕeyeon",-13.128,-64.565,0,"P0TA0",19.031,-46.327,0,"눈꽃",7.281,-65.138,0,"Pugeuk",41.18,-100.783,0,"AI",0,-109.84,0,"AI",-40.8,-90.55,0,0,0,0,0,0,"",0,0,0,0,3433.194,,,,0,0
130,7,1,6,3,3,2,1,0,0,0,255,255,255,64,3450.818,"Pring__",R,3,78,104,0.513,0.047,0.528,1.653,1.018,1.88,-36.186,51.301,22,78,0,2,0,-429.625,159.789,-0.073,0,0,1,1,3,R,"_Gosomi",175.3,86.038,0.48,3,47,W,Y,3452.045,255,37,61,107,49,138,118,26.274,3.249,0.25,0,0.444,-99.413,-24.479,-104.551,0.158,-37.152,0,"Azuner",-0.149,-17.804,0,"xoxo_nemu",-19.238,-44.496,0,"Ѕeyeon",-13.11,-64.839,0,"P0TA0",18.608,-46.221,0,"눈꽃",7.055,-65.559,0,"Pugeuk",41.12,-101.057,0,"AI",0,-109.84,0,"AI",-40.8,-90.55,0,3456.154,-4.627,-120.725,3462.407,0,"Pring__",0.195,-39.63,0,0,,,,,2,1
131,7,1,6,3,0,0,2,0,0,0,255,255,255,65,3477.29,"Pring__",R,26,91,140,-1.46,-0.515,0.021,1.395,-0.833,1.129,-36.186,12.994,36,64,0,0,0,174.225,-200,39.302,0,0,0,2,1,L,"encounter v",190,84.068,0.45,0,37,W,Y,0,0,0,0,0,0,0,0,0,0,0,0,0,0,0,0,-0.079,-37.645,0,"Azuner",-0.078,-17.76,0,"xoxo_nemu",-20.044,-45.587,0,"Ѕeyeon",-10.883,-65.758,0,"P0TA0",19.56,-45.725,0,"눈꽃",15.601,-63.336,0,"Pugeuk",45.835,-99.436,0,"AI",0,-109.84,0,"AI",-40.8,-90.55,0,0,0,0,0,0,"",0,0,0,0,3478.101,,,,0,0
132,7,1,6,3,0,1,2,0,0,0,255,255,255,66,3494.384,"Pring__",R,32,90,140,0.679,0.845,0.294,1.479,-0.028,1.988,-36.186,27.114,0,100,0,2,0,244.312,-200,15.479,0,0,1,2,1,L,"encounter v",190,84.068,0.45,3,37,W,Y,3495.402,255,112,67,79,29,142,90,-76.6,64.756,-0.75,0,0.33,-108.053,-28.695,286.843,-0.052,-37.376,0,"Azuner",0.062,-17.804,0,"xoxo_nemu",-20.045,-45.579,0,"Ѕeyeon",-10.884,-65.764,0,"P0TA0",19.327,-45.769,0,"눈꽃",15.69,-64.415,0,"Pugeuk",45.677,-99.565,0,"AI",0,-109.84,0,"AI",-40.8,-90.55,0,3494.874,-0.335,-20.267,0,0,"",0,0,0,0,,,,,2,3
133,7,1,6,3,0,2,2,0,0,0,255,255,255,67,3514.979,"Pring__",R,10,87,112,0.431,-1.296,0.297,1.407,0.301,1.29,-36.186,29.125,46,54,0,4,0,-71.598,400,20.514,0,0,1,2,1,L,"encounter v",190,84.068,0.45,0,37,W,Y,0,0,0,0,0,0,0,0,0,0,0,0,0,0,0,0,-0.217,-37.133,0,"Azuner",0.194,-17.791,0,"xoxo_nemu",-20.26,-45.592,0,"Ѕeyeon",-12.127,-65.295,0,"P0TA0",19.613,-46.157,0,"눈꽃",15.054,-60.905,0,"Pugeuk",43.65,-101.202,0,"AI",0,-109.84,0,"AI",-40.8,-90.55,0,0,0,0,0,0,"",0,0,0,0,3515.874,,,,0,0
134,7,0,6,3,0,0,0,0,0,0,255,255,255,45,3556.42,"Yes_Man_",R,0,67,120,-0.454,-1.223,0.478,1.638,-0.213,0.902,-36.741,29.645,40,60,0,1,0,0,0,-0.739,0,0,0,5,5,L,"눈꽃",169.9,85,0.497,0,37,W,Y,0,0,0,0,0,0,0,0,0,0,0,0,0,0,0,0,0.067,-38.097,0,"encounter v",-0.017,-17.635,0,"Rite_",-20.638,-48.139,0,"_Gosomi",-13.655,-64.563,0,"Muna_328",24.853,-49.931,0,"CoalCat",12.711,-63.397,0,"AI",40.9,-90.65,0,"うよすま",1.742,-117.153,0,"AI",-40.8,-90.55,0,0,0,0,0,0,"",0,0,0,0,3557.301,,,,0,0
135,7,0,6,3,1,0,0,0,0,0,255,255,255,46,3569.363,"Yes_Man_",R,34,82,134,-1.105,-1.092,0.464,1.566,-0.399,1.35,-36.741,21.342,0,88,12,2,0,89.868,-41.046,6.895,0,0,1,5,5,L,"눈꽃",169.9,85,0.497,3,37,W,Y,3570.494,255,168,79,89,39,145,98,50.686,1.941,-0.05,0,0.427,386.656,-189.146,-263.382,-0.013,-37.186,0,"encounter v",-0.111,-17.843,0,"Rite_",-20.775,-48.326,0,"_Gosomi",-13.521,-64.472,0,"Muna_328",24.877,-49.908,0,"CoalCat",13.158,-62.883,87,"AI",40.9,-90.65,0,"うよすま",1.519,-117.027,0,"AI",-40.8,-90.55,0,3576.061,2.95,-86.767,3576.327,5,"CoalCat",2.849,-84.991,0,0,,,,,17,1
136,7,0,6,3,0,0,1,0,0,0,255,255,255,47,3596.728,"Yes_Man_",R,0,84,136,0.185,0.166,0.566,1.668,0.074,1.711,-36.741,33.191,0,89,11,0,0,-7.77,0,1.867,0,0,1,6,1,L,"Azuner",190,80,0.297,0,37,W,Y,0,0,0,0,0,0,0,0,0,0,0,0,0,0,0,0,0.202,-37.825,0,"encounter v",0.018,-17.605,0,"Rite_",-21.353,-47.754,0,"_Gosomi",-9.166,-64.553,0,"Muna_328",25.121,-49.969,0,"CoalCat",10.582,-63.406,0,"AI",40.9,-90.65,0,"うよすま",6.273,-122.389,0,"AI",-40.8,-90.55,0,0,0,0,0,0,"",0,0,0,0,3597.554,,,,0,0
137,7,0,6,3,0,1,1,0,0,0,255,255,255,48,3610.352,"Yes_Man_",R,33,79,129,1.372,-0.405,0.628,1.552,0.363,1.337,-36.741,44.463,0,77,23,0,0,140.964,-16.046,2.124,0,0,0,6,1,L,"Azuner",190,80,0.297,0,37,W,Y,0,0,0,0,0,0,0,0,0,0,0,0,0,0,0,0,0.023,-37.623,0,"encounter v",0.011,-17.599,0,"Rite_",-20.975,-47.176,0,"_Gosomi",-12.824,-65.02,0,"Muna_328",25.114,-49.966,0,"CoalCat",12.846,-63.05,0,"AI",40.9,-90.65,0,"うよすま",6.544,-122.517,0,"AI",-40.8,-90.55,0,0,0,0,0,0,"",0,0,0,0,3611.22,,,,0,0
138,7,0,6,3,0,2,1,0,0,0,255,255,255,49,3624.928,"Yes_Man_",R,14,58,102,0.344,-1.963,0.459,1.442,-0.422,0.981,-36.741,36.171,41,59,0,1,0,268.87,400,7.856,0,0,0,6,1,L,"Azuner",190,80,0.297,0,37,W,Y,0,0,0,0,0,0,0,0,0,0,0,0,0,0,0,0,0.174,-37.696,0,"encounter v",0.007,-17.617,0,"Rite_",-21.014,-46.086,0,"_Gosomi",-13.863,-64.769,0,"Muna_328",25.088,-50.024,0,"CoalCat",12.875,-63.025,0,"AI",40.9,-90.65,0,"うよすま",5.98,-121.572,0,"AI",-40.8,-90.55,0,0,0,0,0,0,"",0,0,0,0,3625.94,,,,0,0
139,7,0,6,3,1,2,1,0,0,0,255,255,255,50,3639.211,"Yes_Man_",R,32,87,140,-0.383,0.034,0.447,1.614,-0.477,1.537,-36.741,30.397,0,95,5,0,0,214.93,-105.841,8.124,0,0,1,6,1,L,"Azuner",190,80,0.297,0,37,W,Y,0,0,0,0,0,0,0,0,0,0,0,0,0,0,0,0,0.031,-37.505,0,"encounter v",-0.011,-17.595,0,"Rite_",-20.689,-45.324,0,"_Gosomi",-13.741,-64.761,0,"Muna_328",25.125,-49.932,0,"CoalCat",12.679,-62.35,0,"AI",40.9,-90.65,0,"うよすま",6.007,-121.723,0,"AI",-40.8,-90.55,0,0,0,0,0,0,"",0,0,0,0,3640.047,,,,0,0
140,7,0,6,3,0,0,2,0,0,0,255,255,255,51,3657.262,"Yes_Man_",R,10,68,111,-1.373,-0.808,0.417,1.76,-0.609,1.628,-36.741,39.047,52,48,0,0,0,0,400,9.185,0,0,0,0,6,R,"Pugeuk",190,86.201,0.347,0,37,W,Y,0,0,0,0,0,0,0,0,0,0,0,0,0,0,0,0,0.131,-37.743,0,"encounter v",-0.034,-17.64,0,"Rite_",-21.091,-47.561,0,"_Gosomi",-16.491,-62.995,0,"Muna_328",24.085,-51.522,0,"CoalCat",10.882,-62.654,0,"AI",40.9,-90.65,0,"うよすま",-6.386,-120.522,0,"AI",-40.8,-90.55,0,0,0,0,0,0,"",0,0,0,0,3658.207,,,,0,0
141,7,0,6,3,0,1,2,0,0,0,255,255,255,52,3671.144,"Yes_Man_",R,13,84,122,-2.921,-0.534,0.412,1.644,-0.64,1.633,-36.741,23.618,0,100,0,1,0,-389.595,313.394,3.673,0,0,0,0,6,R,"Pugeuk",190,86.201,0.347,0,37,W,Y,0,0,0,0,0,0,0,0,0,0,0,0,0,0,0,0,0.068,-37.816,0,"encounter v",-0.024,-17.646,0,"Rite_",-21.112,-47.527,0,"_Gosomi",-16.475,-63.007,0,"Muna_328",24.064,-51.525,0,"CoalCat",10.898,-62.643,0,"AI",40.9,-90.65,0,"うよすま",-6.938,-120.423,0,"AI",-40.8,-90.55,0,0,0,0,0,0,"",0,0,0,0,3671.967,,,,0,0
142,7,0,6,3,1,1,2,0,0,0,255,255,255,53,3685.025,"Yes_Man_",R,33,85,138,-0.129,-0.271,0.494,1.575,-0.259,1.412,-36.741,27.066,0,90,10,0,0,133.297,-30.323,-0.603,0,0,0,0,6,R,"Pugeuk",190,86.201,0.347,0,37,W,Y,0,0,0,0,0,0,0,0,0,0,0,0,0,0,0,0,0.155,-37.914,0,"encounter v",-0.026,-17.618,0,"Rite_",-21.104,-47.253,0,"_Gosomi",-16.445,-63.024,0,"Muna_328",24.056,-51.488,0,"CoalCat",10.899,-62.623,0,"AI",40.9,-90.65,0,"うよすま",-6.955,-120.626,0,"AI",-40.8,-90.55,0,0,0,0,0,0,"",0,0,0,0,3685.834,,,,0,0
143,7,0,6,3,1,2,2,0,0,0,255,255,255,54,3699.638,"Yes_Man_",R,0,51,107,0.168,0.335,0.329,1.707,-1.025,1.838,-36.741,21.679,41,59,0,2,0,21.306,0,4.098,0,0,1,0,6,R,"Pugeuk",190,86.201,0.347,3,37,W,Y,3700.835,190,77,137,104,32,145,130,5.33,40.367,0.45,0,0.575,124.555,475.39,-12.219,0.081,-37.455,0,"encounter v",-0.102,-17.905,0,"Rite_",-21.05,-47.184,0,"_Gosomi",-16.348,-62.683,0,"Muna_328",24.118,-51.463,0,"CoalCat",10.781,-62.658,0,"AI",40.9,-90.65,0,"うよすま",-6.991,-120.69,0,"AI",-40.8,-90.55,0,0,0,0,3701.581,2,"Rite_",-21.474,-43.241,0,0,,,,,114,1
144,8,1,6,3,0,0,0,0,0,0,255,255,255,68,3779.732,"Pring__",R,26,86,139,0.896,0.496,0.228,1.411,0.131,1.768,-36.186,27.227,0,100,0,2,0,198.494,-200,10.671,0,0,1,3,4,R,"Muna_328",190,89.724,0.4,3,89,W,Y,3780.832,255,151,119,7,0,138,99,105.249,12.063,-0.15,0,0.899,211.914,-366.953,119.749,-0.086,-37.306,0,"Azuner",0.003,-17.536,0,"xoxo_nemu",-19.742,-44.865,0,"Ѕeyeon",-15.01,-63.809,0,"P0TA0",18.5,-45.518,0,"눈꽃",9.668,-67.042,0,"Pugeuk",36.42,-96.326,0,"AI",0,-109.84,0,"AI",-40.8,-90.55,0,0,0,0,0,0,"",0,0,0,0,,,,,2,3
145,8,1,6,3,0,1,0,0,0,0,255,255,255,69,3801.076,"Pring__",R,13,81,119,0.263,-0.173,0.354,1.44,0.716,1.863,-36.186,33.973,0,100,0,2,0,-386.096,317.694,4.261,0,0,1,3,4,R,"Muna_328",190,89.724,0.4,3,89,W,Y,3802.2,255,114,147,66,0,145,95,26.149,-43.718,0.96,0,0.824,-56.717,482.564,259.55,-0.141,-37.112,0,"Azuner",-0.148,-17.731,0,"xoxo_nemu",-20.255,-45.462,0,"Ѕeyeon",-14.981,-63.801,0,"P0TA0",18.261,-46.295,86,"눈꽃",10.275,-66.78,0,"Pugeuk",40.361,-96.01,130,"AI",0,-109.84,0,"AI",-40.8,-90.55,0,3805.754,47.133,-82.869,3806.127,6,"Pugeuk",46.958,-82.598,0,0,,,,,11,1
146,8,1,6,3,0,0,1,0,0,0,255,255,255,70,3825.76,"Pring__",R,32,95,140,-2.516,-0.424,-0.088,1.249,-1.338,1.191,-36.186,16.974,7,93,0,1,0,250,-200,58.166,0,0,0,4,5,R,"CoalCat",168.4,82.838,0.435,0,37,W,Y,0,0,0,0,0,0,0,0,0,0,0,0,0,0,0,0,-0.191,-37.843,0,"Azuner",-0.187,-17.719,0,"xoxo_nemu",-20.225,-45.648,0,"Ѕeyeon",-14.4,-64.02,0,"P0TA0",19.31,-46.287,0,"눈꽃",15.1,-63.66,0,"Pugeuk",43.602,-102.276,0,"AI",0,-109.84,0,"AI",-40.8,-90.55,0,0,0,0,0,0,"",0,0,0,0,3826.74,,,,0,0
147,8,1,6,3,1,0,1,0,0,0,255,255,255,71,3840.515,"Pring__",R,32,89,140,-1.064,-0.12,0.033,1.295,-0.777,1.36,-36.186,20.418,21,79,0,0,0,250,-200,25.099,0,0,0,4,5,R,"CoalCat",168.4,82.838,0.435,0,37,W,Y,0,0,0,0,0,0,0,0,0,0,0,0,0,0,0,0,-0.224,-37.797,0,"Azuner",-0.095,-17.697,0,"xoxo_nemu",-20.352,-45.491,0,"Ѕeyeon",-14.471,-64.078,0,"P0TA0",19.373,-46.224,0,"눈꽃",15.247,-63.687,0,"Pugeuk",44.364,-102.763,0,"AI",0,-109.84,0,"AI",-40.8,-90.55,0,0,0,0,0,0,"",0,0,0,0,3841.434,,,,0,0
148,8,1,6,3,1,1,1,0,0,0,255,255,255,72,3858.881,"Pring__",R,32,89,140,-1.212,-0.502,0.035,1.434,-0.769,1.137,-36.186,8.418,38,62,0,0,0,204.793,-200,43.374,0,0,1,4,5,R,"CoalCat",168.4,82.838,0.435,0,37,W,Y,0,0,0,0,0,0,0,0,0,0,0,0,0,0,0,0,-0.087,-37.782,0,"Azuner",-0.123,-17.672,0,"xoxo_nemu",-20.318,-45.482,0,"Ѕeyeon",-14.479,-64.107,0,"P0TA0",18.44,-47.102,0,"눈꽃",14.605,-63.684,0,"Pugeuk",43.997,-102.744,0,"AI",0,-109.84,0,"AI",-40.8,-90.55,0,0,0,0,0,0,"",0,0,0,0,3859.727,,,,0,0
149,8,1,6,3,1,2,1,0,0,0,255,255,255,73,3876.682,"Pring__",R,13,79,105,0.419,-0.629,0.578,1.411,0.861,1.74,-36.186,48.723,14,86,0,2,0,-372.687,312.348,-8.794,0,0,1,4,5,R,"CoalCat",168.4,82.838,0.435,3,37,W,Y,3877.893,255,48,153,167,58,145,125,-15,-26.514,0.34,0,0.256,-30.806,201.73,-564.23,-0.022,-37.228,0,"Azuner",-0.077,-17.786,0,"xoxo_nemu",-20.28,-45.462,0,"Ѕeyeon",-14.5,-64.141,85,"P0TA0",18.141,-46.995,0,"눈꽃",11.61,-64.335,0,"Pugeuk",44.222,-102.726,0,"AI",0,-109.84,0,"AI",-40.8,-90.55,0,3877.341,1.662,-24.73,3880.647,6,"Pugeuk",35.683,-90.551,1,0,,,,,19,2
150,8,1,6,3,0,0,1,1,0,0,5,255,255,74,3904.278,"Pring__",R,32,83,134,0.613,0.777,0.287,1.438,-0.061,1.875,-36.186,31.349,0,100,0,2,0,240.439,-200,14.945,0,0,1,5,7,R,"うよすま",174.5,85.385,0.5,3,37,W,Y,3905.328,255,86,114,103,19,145,109,28.561,12.626,0.13,0,0.283,-200.87,-398.606,107.411,0.118,-37.317,0,"Azuner",-0.021,-17.705,0,"xoxo_nemu",-19.283,-40.494,0,"Ѕeyeon",-12.533,-61.501,0,"P0TA0",18.502,-46.716,0,"눈꽃",8.764,-62.365,97,"Pugeuk",45.579,-103.007,0,"AI",0,-109.84,0,"AI",-40.8,-90.55,0,3909.22,-11.573,-108.09,3913.647,5,"눈꽃",-0.385,-60.685,0,0,,,,,34,1
151,8,1,6,3,0,0,2,1,0,0,5,255,255,75,3928.955,"Pring__",R,13,81,106,-0.893,-0.66,0.389,1.357,0.275,1.615,-36.186,35.204,0,100,0,0,0,-376.237,312.348,0.048,0,0,1,6,2,R,"Rite_",190,80,0.455,0,37,W,Y,0,0,0,0,0,0,0,0,0,0,0,0,0,0,0,0,0.097,-37.885,0,"Azuner",-0.423,-17.707,0,"xoxo_nemu",-19.467,-40.408,0,"Ѕeyeon",-14.384,-63.512,0,"P0TA0",19.718,-45.591,0,"눈꽃",4.592,-62.241,0,"Pugeuk",41.928,-103.188,0,"AI",0,-109.84,0,"AI",-40.8,-90.55,0,0,0,0,0,0,"",0,0,0,0,3930.154,,,,0,0
152,8,1,6,3,0,1,2,1,0,0,5,255,255,76,3951.213,"Pring__",R,10,82,109,1.103,-1.25,0.351,1.43,0.47,1.34,-36.186,32.038,51,49,0,2,0,0,400,-1.81,0,0,1,6,2,R,"Rite_",190,80,0.455,3,37,W,Y,3952.541,255,129,83,110,76,145,123,-16.088,7.291,0.2,0,0.554,159.336,-466.383,-167.444,-0.079,-37.035,87,"Azuner",0.243,-17.686,0,"xoxo_nemu",-19.334,-40.627,0,"Ѕeyeon",-13.09,-63.336,0,"P0TA0",18.626,-46.229,0,"눈꽃",13.279,-63.459,0,"Pugeuk",41.929,-103.221,0,"AI",0,-109.84,0,"AI",-40.8,-90.55,0,3951.927,0.018,-21.522,3952.834,0,"Pring__",-0.836,-36.585,0,0,3990.407,3957.57,,,14,2
153,8,0,6,3,0,0,0,0,0,0,255,255,255,55,4027.692,"Muna_328",R,28,95,140,-2.411,-0.012,-0.004,2.2,-0.949,1.492,-36.74,31.608,88,6,6,2,0,-73.519,-97.035,12.046,0,0,1,1,0,L,"Pring__",190,93.089,0.485,3,37,W,Y,4028.813,255,140,114,115,73,145,105,53.252,-28.562,-0.09,0,0.475,312.481,-121.347,-6.082,0.046,-36.558,0,"encounter v",-0.15,-17.914,0,"Rite_",-22.104,-49.167,0,"_Gosomi",-13.21,-64.812,86,"Yes_Man_",24.659,-52.294,0,"CoalCat",13.202,-62.444,0,"AI",40.9,-90.65,0,"うよすま",7.804,-121.627,0,"AI",-40.8,-90.55,0,4034.647,38.954,-84.625,4039.047,3,"_Gosomi",-1.279,-58.273,0,0,,,,,10,1
154,8,0,6,3,0,0,1,0,0,0,255,255,255,56,4052.642,"Muna_328",R,28,96,130,0.877,-0.102,0.361,2.145,0.5,1.427,-36.74,31.538,88,7,5,0,0,-85.37,-96.478,7.282,0,0,1,2,2,R,"xoxo_nemu",190,90.083,0.5,0,37,W,Y,0,0,0,0,0,0,0,0,0,0,0,0,0,0,0,0,0.464,-36.769,0,"encounter v",-0.001,-17.62,0,"Rite_",-22.285,-48.911,0,"_Gosomi",-16.338,-62.85,0,"Yes_Man_",21.718,-54.653,0,"CoalCat",11.155,-63.036,0,"AI",40.9,-90.65,0,"うよすま",-7.893,-120.574,0,"AI",-40.8,-90.55,0,0,0,0,0,0,"",0,0,0,0,4053.487,,,,0,0
155,8,0,6,3,0,1,1,0,0,0,255,255,255,57,4066.17,"Muna_328",R,13,73,101,-1.812,-1.109,0.171,2.15,-0.089,1.438,-36.74,25.999,100,0,0,2,0,-329.466,348.203,48.702,0,0,1,2,2,R,"xoxo_nemu",190,90.083,0.5,3,37,W,Y,4067.448,127,106,32,101,64,102,79,-28.338,14.343,0.93,0,0.202,-256.227,140.534,-11.923,0.102,-36.841,0,"encounter v",-0.076,-17.819,0,"Rite_",-21.891,-48.799,87,"_Gosomi",-15.355,-63.02,88,"Yes_Man_",21.869,-54.576,0,"CoalCat",11.052,-63.014,0,"AI",40.9,-90.65,0,"うよすま",-6.927,-120.43,0,"AI",-40.8,-90.55,0,4066.847,-0.656,-20.359,4069.514,3,"_Gosomi",-9.045,-55.579,0,0,,,,,74,2
156,8,0,6,3,0,0,2,0,0,0,255,255,255,58,4093.183,"Muna_328",R,10,104,128,-0.248,-1.113,0.176,2.143,-0.113,1.306,-36.74,29.562,100,0,0,1,0,0,400,36.42,0,0,0,3,4,R,"P0TA0",190,96.215,0.525,0,37,W,Y,0,0,0,0,0,0,0,0,0,0,0,0,0,0,0,0,0.269,-36.896,0,"encounter v",-0.011,-17.613,0,"Rite_",-22.383,-49.561,0,"_Gosomi",-16.983,-61.709,0,"Yes_Man_",21.051,-52.607,0,"CoalCat",9.601,-62.734,0,"AI",40.9,-90.65,0,"うよすま",-3.282,-119.641,0,"AI",-40.8,-90.55,0,0,0,0,0,0,"",0,0,0,0,4093.794,,,,0,0
157,8,0,6,3,1,0,2,0,0,0,255,255,255,59,4105.019,"Muna_328",R,28,98,140,-1.666,0.107,0.071,2.223,-0.602,1.567,-36.74,35.053,82,13,6,2,0,-91.663,-94.943,13.849,0,0,1,3,4,R,"P0TA0",190,96.215,0.525,3,37,W,Y,4105.946,255,142,195,113,60,145,89,91.653,-88.15,-0.9,0,0.3,114.229,-522.547,-124.416,0.126,-36.456,0,"encounter v",-0.069,-17.793,0,"Rite_",-22.363,-49.561,0,"_Gosomi",-16.349,-61.859,0,"Yes_Man_",21.624,-53.315,0,"CoalCat",9.689,-62.608,0,"AI",40.9,-90.65,0,"うよすま",-1.681,-118.673,0,"AI",-40.8,-90.55,0,0,0,0,0,0,"",0,0,0,0,,,,,8,3
158,8,0,6,3,1,1,2,0,0,0,255,255,255,60,4122.502,"Muna_328",R,13,106,126,-0.846,-1.608,0.21,2.052,0.047,1.012,-36.74,29.359,99,1,0,2,0,-271.079,400,35.734,0,0,0,3,4,R,"P0TA0",190,96.215,0.525,3,41,W,Y,4123.464,255,60,109,39,13,145,116,-15.046,31.983,0.88,0,0.143,90.984,70.5,183.43,0.129,-36.416,0,"encounter v",-0.053,-17.777,0,"Rite_",-22.053,-48.641,0,"_Gosomi",-16.171,-62.641,0,"Yes_Man_",21.129,-54.112,0,"CoalCat",9.865,-62.565,0,"AI",40.9,-90.65,0,"うよすま",-2.627,-117.51,0,"AI",-40.8,-90.55,0,4122.821,-0.588,-19.791,4124.354,2,"Rite_",-18.408,-44.546,0,0,,,,,70,2
159,9,1,6,3,0,0,0,0,0,0,255,255,255,77,4195.765,"Pring__",R,13,81,106,-2.482,-0.841,0.173,1.31,-0.393,1.513,-36.186,27.069,0,100,0,1,0,-376.237,312.348,19.055,0,0,0,0,4,R,"Yes_Man_",190,84.826,0.502,0,37,W,Y,0,0,0,0,0,0,0,0,0,0,0,0,0,0,0,0,-0.065,-37.625,0,"Azuner",-0.29,-17.64,0,"xoxo_nemu",-19.904,-45.363,0,"Ѕeyeon",-15.773,-64.421,0,"P0TA0",18.883,-46.036,0,"눈꽃",12.49,-64.667,0,"Pugeuk",37.871,-97.283,0,"AI",0,-109.84,0,"AI",-40.8,-90.55,0,0,0,0,0,0,"",0,0,0,0,4196.634,,,,0,0
160,9,1,6,3,1,0,0,0,0,0,255,255,255,78,4211.942,"Pring__",R,32,91,140,-1.122,-0.111,0.028,1.294,-0.798,1.39,-36.186,19.316,20,80,0,0,0,250,-200,31.36,0,0,0,0,4,R,"Yes_Man_",190,84.826,0.502,0,37,W,Y,0,0,0,0,0,0,0,0,0,0,0,0,0,0,0,0,-0.026,-37.69,0,"Azuner",-0.021,-17.636,0,"xoxo_nemu",-19.908,-45.372,0,"Ѕeyeon",-15.501,-63.811,0,"P0TA0",19.319,-45.679,0,"눈꽃",13.924,-63.994,0,"Pugeuk",37.943,-97.522,0,"AI",0,-109.84,0,"AI",-40.8,-90.55,0,0,0,0,0,0,"",0,0,0,0,4212.647,,,,0,0
161,9,1,6,3,1,1,0,0,0,0,255,255,255,79,4228.629,"Pring__",R,32,78,129,3.367,0.711,0.419,1.463,1.018,1.936,-36.186,47.09,0,100,0,3,0,213.788,-122.09,-5.25,-0.398,-20.54,0,0,4,R,"Yes_Man_",190,84.826,0.502,0,37,W,Y,0,0,0,0,0,0,0,0,0,0,0,0,0,0,0,0,-0.131,-37.513,0,"Azuner",-0.189,-18.255,0,"xoxo_nemu",-20.125,-44.464,0,"Ѕeyeon",-15.475,-63.784,0,"P0TA0",17.835,-47.042,0,"눈꽃",14.347,-63.611,0,"Pugeuk",39.687,-98.575,0,"AI",0,-109.84,0,"AI",-40.8,-90.55,0,0,0,0,0,0,"",0,0,0,0,4231.047,,,,0,6
162,9,1,6,3,1,2,0,0,0,0,255,255,255,80,4259.865,"Pring__",R,13,92,114,-3.096,-0.877,0.078,1.281,-0.688,1.45,-36.186,17.141,0,100,0,1,0,-390.434,312.348,31.87,-1.061,-16.03,0,0,4,R,"Yes_Man_",190,84.826,0.502,0,37,W,Y,0,0,0,0,0,0,0,0,0,0,0,0,0,0,0,0,-0.062,-37.609,0,"Azuner",-0.43,-17.475,0,"xoxo_nemu",-20.365,-45.81,0,"Ѕeyeon",-15.481,-63.535,0,"P0TA0",19.37,-45.453,0,"눈꽃",10.815,-63.83,0,"Pugeuk",39.144,-101.558,0,"AI",0,-109.84,0,"AI",-40.8,-90.55,0,0,0,0,0,0,"",0,0,0,0,4264.514,,,,0,0
163,9,1,6,3,2,2,0,0,0,0,255,255,255,81,4279.352,"Pring__",R,32,85,138,1.05,0.815,0.226,1.475,0.123,1.976,-36.186,29.925,0,100,0,2,0,250,-188.397,5.186,0,0,1,0,4,R,"Yes_Man_",190,84.826,0.502,3,37,W,Y,4280.419,144,34,85,35,0,138,130,28.23,8.527,0.54,0,0.441,55.382,248.083,-543.496,-0.032,-37.104,0,"Azuner",0.004,-17.468,0,"xoxo_nemu",-20.284,-45.77,0,"Ѕeyeon",-15.269,-63.643,0,"P0TA0",18.428,-46.287,0,"눈꽃",10.543,-65.966,92,"Pugeuk",40.352,-102.573,0,"AI",0,-109.84,0,"AI",-40.8,-90.55,0,4285.141,-20.836,-134.49,4286.274,7,"AI",-16.344,-131.132,1,0,,,,,34,2
164,9,1,6,3,0,0,0,1,0,0,4,255,255,82,4312.44,"Pring__",R,32,84,136,0.678,0.275,0.191,1.357,-0.044,1.591,-36.186,23.998,21,79,0,2,0,250,-200,12.176,0,0,1,1,3,R,"_Gosomi",175.3,86.038,0.48,3,37,W,Y,4313.541,87,30,85,44,0,125,119,-30,34.864,0.32,0,0.423,-163.916,530.848,134.067,-0.1,-36.985,0,"Azuner",0.018,-17.467,0,"xoxo_nemu",-19.18,-40.658,0,"Ѕeyeon",-11.374,-61.276,0,"P0TA0",18.282,-47.224,0,"눈꽃",7.747,-61.539,106,"Pugeuk",37.791,-100.479,0,"AI",0,-109.84,0,"AI",-40.8,-90.55,0,4312.954,-1.053,-21.255,4314.621,2,"xoxo_nemu",-14.868,-40.881,0,1,,4318.678,,,38,2
165,9,1,6,3,0,0,2,0,0,0,255,255,255,83,4339.411,"Pring__",R,32,90,140,0.473,-0.008,0.188,1.511,-0.054,1.445,-36.186,19.476,45,55,0,0,0,208.488,-200,35.041,0.323,-19.039,0,2,1,L,"encounter v",190,90.067,0.45,0,37,W,Y,0,0,0,0,0,0,0,0,0,0,0,0,0,0,0,0,0.187,-37.656,0,"Azuner",0.085,-17.731,0,"xoxo_nemu",-19.595,-44.849,0,"Ѕeyeon",-13.364,-64.183,0,"P0TA0",18.95,-46.302,0,"눈꽃",15.517,-62.585,0,"Pugeuk",43.533,-99.462,0,"AI",0,-109.84,0,"AI",-40.8,-90.55,0,0,0,0,0,0,"",0,0,0,0,4342.461,,,,0,0
166,9,1,6,3,0,1,2,0,0,0,255,255,255,84,4357.71,"Pring__",R,13,80,106,1.524,-0.369,0.631,1.446,1.338,1.806,-36.186,43.85,0,100,0,2,0,-376.237,312.348,-4.087,0,0,1,2,1,L,"encounter v",190,90.067,0.45,3,37,W,Y,4358.743,255,71,86,103,0,145,93,-30,18.572,0.97,0,0.447,-209.227,-246.519,494.999,0.307,-36.977,0,"Azuner",0.199,-17.646,0,"xoxo_nemu",-19.541,-44.816,79,"Ѕeyeon",-13.036,-65.045,95,"P0TA0",18.784,-46.275,0,"눈꽃",15.451,-62.804,0,"Pugeuk",42.725,-99.156,0,"AI",0,-109.84,0,"AI",-40.8,-90.55,0,4358.208,-0.187,-22.294,4360.541,3,"Ѕeyeon",-12.129,-57.775,0,0,,,,,28,2
167,9,0,6,3,0,0,0,0,0,0,255,255,255,61,4396.598,"Muna_328",R,6,92,128,-0.384,0.013,0.022,2.228,-0.829,1.574,-36.74,35.748,88,9,3,0,0,427.343,0,10.728,0,0,0,4,3,R,"Ѕeyeon",170.6,80,0.4,0,37,W,Y,0,0,0,0,0,0,0,0,0,0,0,0,0,0,0,0,0.209,-36.837,0,"encounter v",-0.053,-17.513,0,"Rite_",-21.704,-48.229,0,"_Gosomi",-16.554,-62.348,0,"Yes_Man_",21.778,-53.553,0,"CoalCat",10.311,-63.006,0,"AI",40.9,-90.65,0,"うよすま",-4.344,-115.887,0,"AI",-40.8,-90.55,0,0,0,0,0,0,"",0,0,0,0,4397.208,,,,0,0
168,9,0,6,3,0,1,0,0,0,0,255,255,255,62,4405.461,"Muna_328",R,26,94,140,-2.054,-0.003,0.042,2.18,-0.737,1.402,-36.74,32.077,85,13,2,4,0,-115.477,-172.856,18.857,0,0,1,4,3,R,"Ѕeyeon",170.6,80,0.4,0,37,W,Y,0,0,0,0,0,0,0,0,0,0,0,0,0,0,0,0,0.272,-36.765,0,"encounter v",-0.077,-17.597,0,"Rite_",-21.188,-47.646,0,"_Gosomi",-16.546,-62.326,0,"Yes_Man_",21.789,-53.608,0,"CoalCat",10.97,-63.324,0,"AI",40.9,-90.65,0,"うよすま",-6.661,-114.355,0,"AI",-40.8,-90.55,0,0,0,0,0,0,"",0,0,0,0,4406.167,,,,0,0
169,9,0,6,3,0,2,0,0,0,0,255,255,255,63,4415.537,"Muna_328",R,10,91,115,0.06,-0.735,0.207,2.277,0.02,1.719,-36.74,45.907,100,0,0,2,0,0,400,2.613,0,0,1,4,3,R,"Ѕeyeon",170.6,80,0.4,3,37,W,Y,4416.591,255,98,92,82,42,145,98,-78.746,-6.797,-0.07,0,0.431,131.684,-299.019,-116.56,0.117,-36.363,90,"encounter v",-0.078,-17.793,0,"Rite_",-21.154,-47.794,94,"_Gosomi",-16.547,-62.279,0,"Yes_Man_",21.841,-53.561,0,"CoalCat",10.213,-63.059,0,"AI",40.9,-90.65,0,"うよすま",-4.715,-115.486,0,"AI",-40.8,-90.55,0,4415.887,0.021,-20.213,4419.141,0,"Muna_328",1.492,-32.666,0,16,,,,,72,2
170,9,0,6,3,0,0,1,0,0,0,255,255,255,64,4463.005,"Muna_328",R,14,97,126,-1.856,-1.916,-0.086,2.024,-1.328,0.837,-36.74,21.145,89,7,4,1,0,383.362,320.989,20.43,-0.444,-18.827,0,5,5,L,"눈꽃",170,85,0.497,0,37,W,Y,0,0,0,0,0,0,0,0,0,0,0,0,0,0,0,0,0.266,-37.225,0,"encounter v",-0.228,-18.384,0,"Rite_",-21.115,-47.731,0,"_Gosomi",-12.738,-64.934,0,"Yes_Man_",23.809,-52.835,0,"CoalCat",12.964,-62.708,0,"AI",40.9,-90.65,0,"うよすま",4.092,-117.434,0,"AI",-40.8,-90.55,0,0,0,0,0,0,"",0,0,0,0,4465.487,,,,0,0
171,9,0,6,3,1,0,1,0,0,0,255,255,255,65,4476.473,"Muna_328",R,14,84,122,0.389,0.623,0.107,2.443,-0.43,2.353,-36.74,66.351,83,13,4,2,0,364.655,342.092,28.737,0,0,1,5,5,L,"눈꽃",170,85,0.497,3,37,W,Y,4477.761,255,140,87,92,61,145,110,108.673,44.436,0.81,0,0.469,336.603,268.597,-109.212,0.291,-36.583,0,"encounter v",-0.051,-17.772,0,"Rite_",-21.154,-47.853,0,"_Gosomi",-13.016,-64.723,0,"Yes_Man_",24.243,-52.423,0,"CoalCat",13.068,-62.596,0,"AI",40.9,-90.65,0,"うよすま",4.208,-118.784,0,"AI",-40.8,-90.55,0,0,0,0,0,0,"",0,0,0,0,,,,,8,3
172,9,0,6,3,1,1,1,0,0,0,255,255,255,66,4492.427,"Muna_328",R,14,88,126,1.434,-1.966,0.218,2.046,0.085,0.914,-36.74,24.957,93,7,0,1,0,341.969,364.77,29.743,0,0,0,5,5,L,"눈꽃",170,85,0.497,0,37,W,Y,0,0,0,0,0,0,0,0,0,0,0,0,0,0,0,0,0.322,-37.299,0,"encounter v",-0.03,-17.778,0,"Rite_",-21.73,-47.711,0,"_Gosomi",-13.476,-63.771,0,"Yes_Man_",24.329,-52.375,0,"CoalCat",12.644,-62.964,0,"AI",40.9,-90.65,0,"うよすま",2.854,-117.582,0,"AI",-40.8,-90.55,0,0,0,0,0,0,"",0,0,0,0,4493.527,,,,0,0
173,9,0,6,3,2,1,1,0,0,0,255,255,255,67,4505.114,"Muna_328",R,14,91,126,-0.292,-0.743,0.042,2.217,-0.734,1.534,-36.74,38.213,86,10,4,2,0,389.05,314.07,32.538,0,0,1,5,5,L,"눈꽃",170,85,0.497,3,37,W,Y,4506.209,217,224,89,88,57,145,99,98.616,81.955,0.91,0,0.437,283.998,164.517,-134.705,0.037,-36.507,0,"encounter v",-0.09,-17.798,0,"Rite_",-21.581,-47.564,0,"_Gosomi",-13.317,-63.682,0,"Yes_Man_",24.322,-52.26,0,"CoalCat",12.808,-62.849,0,"AI",40.9,-90.65,0,"うよすま",3.376,-118.819,0,"AI",-40.8,-90.55,0,0,0,0,0,0,"",0,0,0,0,,,,,8,3
174,9,0,6,3,2,2,1,0,0,0,255,255,255,68,4521.404,"Muna_328",R,26,97,140,-0.143,-2.032,0.222,1.859,0.103,0.239,-36.74,13.463,90,7,3,1,0,-124.835,-200,9.792,0,0,0,5,5,L,"눈꽃",170,85,0.497,0,37,W,Y,0,0,0,0,0,0,0,0,0,0,0,0,0,0,0,0,0.371,-36.634,0,"encounter v",-0.029,-17.751,0,"Rite_",-21.368,-47.256,0,"_Gosomi",-13.93,-64.611,0,"Yes_Man_",23.776,-50.948,0,"CoalCat",13.22,-62.829,0,"AI",40.9,-90.65,0,"うよすま",4.352,-117.444,0,"AI",-40.8,-90.55,0,0,0,0,0,0,"",0,0,0,0,4522.127,,,,0,0
175,9,0,6,3,3,2,1,0,0,0,255,255,255,69,4532.933,"Muna_328",R,31,87,140,-1.239,0.496,0.111,2.283,-0.412,1.775,-36.74,42.98,83,11,6,2,0,-94.718,-75.248,14.248,0,0,1,5,5,L,"눈꽃",170,85,0.497,3,37,W,Y,4534.022,255,128,73,80,21,145,90,38.135,-4.058,-0.45,0,0.334,460.125,-141.968,-242.845,0.174,-36.513,0,"encounter v",-0.074,-17.83,0,"Rite_",-21.447,-47.475,0,"_Gosomi",-13.788,-64.616,86,"Yes_Man_",24.73,-52.766,0,"CoalCat",13.371,-62.705,0,"AI",40.9,-90.65,0,"うよすま",3.571,-118.203,79,"AI",-40.8,-90.55,0,4538.714,8.367,-90.141,4539.407,7,"うよすま",8.796,-93.443,1,0,,,,,42,2
176,9,0,6,3,0,0,1,1,0,0,15,255,255,70,4563.384,"Muna_328",R,27,92,140,0.719,-0.004,0.289,2.19,0.416,1.459,-36.74,38.4,84,10,6,0,0,-81.266,-139.598,2.916,0,0,1,6,1,L,"Azuner",190,80,0.297,0,37,W,Y,0,0,0,0,0,0,0,0,0,0,0,0,0,0,0,0,0.07,-36.721,120,"encounter v",-0.009,-17.69,0,"Rite_",-20.751,-44.91,0,"_Gosomi",-11.051,-63.26,0,"Yes_Man_",24.377,-53.203,0,"CoalCat",11.937,-62.189,0,"AI",40.9,-90.65,0,"うよすま",7.49,-122.103,0,"AI",-40.8,-90.55,0,0,0,0,0,0,"",0,0,0,0,4564.167,4586.946,4592.908,,0,0
177,9,0,6,3,0,1,1,0,0,1,255,255,15,71,4610.061,"Muna_328",R,14,90,126,-0.708,-0.623,-0.004,2.199,-0.947,1.489,-36.74,34.668,83,12,5,2,0,406.375,271.223,21.167,0,0,1,6,1,L,"Azuner",190,80,0.297,3,37,W,Y,4611.186,255,99,93,101,52,145,95,20.522,-53.04,0.96,0,0.651,466.617,-24.104,-70.401,0.027,-36.871,0,"encounter v",-0.178,-17.685,0,"Rite_",-20.871,-46.618,0,"_Gosomi",-13.017,-63.566,0,"Yes_Man_",20.531,-47.223,0,"CoalCat",11.938,-60.375,0,"AI",40.9,-90.65,0,"うよすま",7.323,-120.5,0,"AI",-40.8,-90.55,0,4613.808,40.965,-53.782,0,0,"",0,0,0,0,,,4614.593,,8,3
178,9,0,6,3,0,2,1,0,0,1,255,255,15,72,4631.739,"Muna_328",R,10,83,125,1.113,-1.19,0.302,2.135,0.476,1.282,-36.74,33.442,80,15,6,1,0,0,400,16.962,0,0,0,6,1,L,"Azuner",190,80,0.297,0,73,W,Y,0,0,0,0,0,0,0,0,0,0,0,0,0,0,0,0,0.24,-36.927,0,"encounter v",-0.002,-17.59,0,"Rite_",-19.857,-45.212,0,"_Gosomi",-11.196,-64.993,0,"Yes_Man_",18.915,-43.447,0,"CoalCat",11.132,-59.105,0,"AI",40.9,-90.65,0,"うよすま",7.048,-119.505,0,"AI",-40.8,-90.55,0,0,0,0,0,0,"",0,0,0,0,4632.594,,4634.903,,0,0
179,9,0,6,3,1,2,1,0,0,1,255,255,15,73,4648.095,"Muna_328",R,10,81,122,1.81,0.187,0.367,2.406,0.777,2.158,-36.74,58.108,79,12,8,1,1,0,400,2.34,0,0,0,6,1,L,"Azuner",190,80,0.297,0,73,W,Y,0,0,0,0,0,0,0,0,0,0,0,0,0,0,0,0,0.38,-37.322,0,"encounter v",-0.004,-17.651,0,"Rite_",-20.424,-45.556,0,"_Gosomi",-11.296,-64.754,0,"Yes_Man_",19.528,-42.956,0,"CoalCat",11.099,-59.064,0,"AI",40.9,-90.65,0,"うよすま",7.225,-119.257,0,"AI",-40.8,-90.55,0,0,0,0,0,0,"",0,0,0,0,4648.927,,,,0,0
180,9,0,6,3,1,2,1,0,0,0,255,255,255,74,4696.085,"Muna_328",R,14,97,126,2.472,-1.217,0.313,2.117,0.526,1.223,-36.74,28.705,86,9,5,4,0,342.413,364.354,11.067,0,0,1,6,1,L,"Azuner",190,80,0.297,0,73,W,Y,0,0,0,0,0,0,0,0,0,0,0,0,0,0,0,0,0.258,-36.966,0,"encounter v",0,-17.57,0,"Rite_",-20.736,-47.046,0,"_Gosomi",-13.221,-63.939,0,"Yes_Man_",23.326,-51.333,0,"CoalCat",12.405,-61.697,0,"AI",40.9,-90.65,0,"うよすま",7.227,-121.198,0,"AI",-40.8,-90.55,0,0,0,0,0,0,"",0,0,0,0,4696.954,,,,0,0
181,9,0,6,3,0,0,2,0,0,0,255,255,255,75,4718.482,"Muna_328",R,26,97,140,-1.926,-0.307,0.041,2.115,-0.741,1.218,-36.74,28.39,90,4,6,1,0,-72.512,-200,9.526,0,0,0,0,6,R,"Pugeuk",190,86.201,0.347,0,37,W,Y,0,0,0,0,0,0,0,0,0,0,0,0,0,0,0,0,0.173,-37.001,0,"encounter v",-0.12,-17.631,0,"Rite_",-21.506,-46.866,0,"_Gosomi",-15.253,-63.16,0,"Yes_Man_",21.354,-54.071,0,"CoalCat",11,-61.514,0,"AI",40.9,-90.65,0,"うよすま",-5.294,-119.545,0,"AI",-40.8,-90.55,0,0,0,0,0,0,"",0,0,0,0,4719.301,,,,0,0
182,9,0,6,3,1,0,2,0,0,0,255,255,255,76,4730.48,"Muna_328",R,27,82,134,1.174,0.959,0.343,2.388,0.664,2.099,-36.74,53.235,88,7,5,0,0,-112.091,-144.497,5.653,0,0,0,0,6,R,"Pugeuk",190,86.201,0.347,0,37,W,Y,0,0,0,0,0,0,0,0,0,0,0,0,0,0,0,0,0.411,-37.045,0,"encounter v",-0.028,-17.515,0,"Rite_",-21.546,-46.895,0,"_Gosomi",-15.257,-63.188,0,"Yes_Man_",21.08,-53.642,0,"CoalCat",11.197,-62.126,0,"AI",40.9,-90.65,0,"うよすま",-5.276,-119.457,0,"AI",-40.8,-90.55,0,0,0,0,0,0,"",0,0,0,0,4731.301,,,,0,0
183,9,0,6,3,1,1,2,0,0,0,255,255,255,77,4743.796,"Muna_328",R,14,91,126,0.037,-1.395,0.056,2.077,-0.67,1.092,-36.74,25.032,88,11,2,2,0,368.777,337.645,7.098,0,0,1,0,6,R,"Pugeuk",190,86.201,0.347,3,37,W,Y,4744.87,191,73,173,95,0,145,116,25.03,44.463,0.8,0,0.744,117.274,252.195,28.762,0.028,-36.513,0,"encounter v",-0.122,-17.817,0,"Rite_",-21.466,-46.777,0,"_Gosomi",-15.182,-63.071,0,"Yes_Man_",21.121,-53.551,0,"CoalCat",11.197,-62.032,0,"AI",40.9,-90.65,0,"うよすま",-5.235,-119.295,0,"AI",-40.8,-90.55,0,4748.701,-74.467,-87.358,0,0,"",0,0,0,0,,,,,8,3
184,9,0,6,3,1,2,2,0,0,0,255,255,255,78,4764.671,"Muna_328",R,4,107,134,1.468,0.529,0.393,2.33,0.896,1.913,-36.74,59.283,94,6,0,2,0,-183.882,0,8.277,0,0,1,0,6,R,"Pugeuk",190,86.201,0.347,3,62,W,Y,4765.772,154,40,119,53,22,145,123,-30,42.663,0.76,0,0.536,-418.053,389.468,-73.319,0.157,-36.653,0,"encounter v",-0.046,-17.713,0,"Rite_",-21.079,-46.771,0,"_Gosomi",-15.768,-62.906,0,"Yes_Man_",20.372,-53.168,0,"CoalCat",10.968,-62.189,0,"AI",40.9,-90.65,0,"うよすま",-9.29,-117.353,0,"AI",-40.8,-90.55,0,4765.208,-1.496,-21.017,0,0,"",0,0,0,0,,,,,8,3
185,9,0,6,3,1,2,2,0,0,0,255,255,255,79,4783.179,"Muna_328",R,10,99,124,-0.219,-1.554,0.187,1.955,-0.042,1.016,-36.74,16.735,95,5,0,2,0,-40.933,400,57.081,0,0,1,0,6,R,"Pugeuk",190,86.201,0.347,3,62,W,Y,4784.262,201,65,126,117,41,145,109,-30,40.209,0.93,0,0.711,61.749,418.582,-239.258,0.15,-36.896,0,"encounter v",-0.093,-17.83,0,"Rite_",-21.555,-47.681,0,"_Gosomi",-16.477,-63.039,0,"Yes_Man_",17.879,-54.409,0,"CoalCat",11.022,-63.133,0,"AI",40.9,-90.65,0,"うよすま",-7.169,-119.387,0,"AI",-40.8,-90.55,0,4783.647,-0.637,-21.174,4785.221,2,"Rite_",-16.616,-43.607,0,0,,,,,64,2
