id,inn,half,scoreA,scoreB,ball,strk,out,b1,b2,b3,b1Idx,b2Idx,b3Idx,pCnt,pSec,pName,pHand,pType,pPow,spdK,zoneX,zoneY,startX,startY,targetX,targetY,zDist,pitchAngle,pOver,pSide,pUnder,call,balk,sH,sV,gyro,plx,plz,bSwing,bIdx,bPos,bZone,bName,bHCm,batLen,batCen,batType,bFps,bOS,bVR,hSec,rotS,rotL,shS,lgS,prepS,batSpd,ev,ldeg,sdeg,hPos,buntGrip,handDist,angVeloX,angVeloY,angVeloZ,PPosX,PPosY,PThrSpd,CName,CPosX,CPosY,CThrSpd,1BName,1BPosX,1BPosY,1BThrSpd,2BName,2BPosX,2BPosY,2BThrSpd,3BName,3BPosX,3BPosY,3BThrSpd,SSName,SSPosX,SSPosY,SSThrSpd,LFName,LFPosX,LFPosY,LFThrSpd,CFName,CFPosX,CFPosY,CFThrSpd,RFName,RFPosX,RFPosY,RFThrSpd,ltSec,lx,lz,cSec,cPos,cPlr,cx,cz,1BSafe,tag,cpSec,sb2Sec,sb3Sec,sbhSec,ass,result
1,1,1,0,0,0,0,0,0,0,0,255,255,255,0,221.144,"하루（Haru）",R,27,87,140,1.415,0.166,0.403,1.835,0.465,1.604,-36.491,41.537,84,16,0,0,0,104.344,-119.1,3.839,0,0,0,0,4,R,"인생최패망자",190,80,0.351,0,92,W,Y,0,0,0,0,0,0,0,0,0,0,0,0,0,0,0,0,-0.132,-36.815,0,"わだ、、",0.049,-17.877,0,"레이나2",-20.794,-47.093,0,"k@ster",-16.992,-61.791,0,"Kr_Luna",18.685,-50.457,0,"Yaksok~",11.856,-65.555,0,"AI",40.9,-90.65,0,"AI",0,-109.84,0,"-つる３-",-49.603,-98.154,0,0,0,0,0,0,"",0,0,0,0,222.647,,,,0,0
2,1,1,0,0,0,1,0,0,0,0,255,255,255,1,237.11,"하루（Haru）",R,11,86,134,-0.795,-1.518,0.233,1.596,-0.325,0.832,-36.491,30.708,47,53,0,1,0,-20.145,185.263,4.992,0,0,0,0,4,R,"인생최패망자",190,80,0.351,0,92,W,Y,0,0,0,0,0,0,0,0,0,0,0,0,0,0,0,0,-0.091,-36.892,0,"わだ、、",0.026,-17.882,0,"레이나2",-20.74,-47.132,0,"k@ster",-16.868,-61.857,0,"Kr_Luna",18.9,-50.362,0,"Yaksok~",12.725,-65.721,0,"AI",40.9,-90.65,0,"AI",0,-109.84,0,"-つる３-",-49.77,-98.381,0,0,0,0,0,0,"",0,0,0,0,238.422,,,,0,0
3,1,1,0,0,1,1,0,0,0,0,255,255,255,2,249.628,"하루（Haru）",R,27,89,140,-0.106,-0.846,0.257,1.638,-0.215,0.965,-36.491,29.175,35,65,0,2,0,119.942,-124.889,5.547,0,0,1,0,4,R,"인생최패망자",190,80,0.351,3,92,W,Y,250.69,228,91,70,64,53,142,111,-30,23.232,0.91,0,0.369,-168.022,14.569,14.343,-0.091,-36.711,0,"わだ、、",-0.04,-17.939,0,"레이나2",-20.468,-47.123,85,"k@ster",-16.843,-61.894,85,"Kr_Luna",18.068,-50.767,0,"Yaksok~",13.04,-68.087,0,"AI",40.9,-90.65,0,"AI",0,-109.84,0,"-つる３-",-49.703,-98.328,0,250.647,-0.508,-20.1,252.88,3,"k@ster",-16.695,-54.853,0,0,,,,,73,2
4,1,1,0,0,0,0,1,0,0,0,255,255,255,3,274.431,"하루（Haru）",R,33,79,129,0.478,-0.856,0.315,1.654,0.057,0.983,-36.491,41.623,22,78,0,2,0,110.708,-104.495,1.776,0,0,1,1,8,R,"SUGUN",179.9,82.092,0.496,3,86,W,Y,275.584,255,177,104,90,59,145,95,6.767,38.204,-0.39,0,0.485,158.705,-513.476,-131.775,-0.258,-36.895,0,"わだ、、",0.023,-17.931,0,"레이나2",-20.688,-46.896,0,"k@ster",-17.352,-61.484,0,"Kr_Luna",16.218,-50.536,0,"Yaksok~",11.9,-65.644,0,"AI",40.9,-90.65,0,"AI",0,-109.84,0,"-つる３-",-50.059,-93.237,0,0,0,0,277.147,2,"레이나2",-17.188,-44.092,0,0,,,,,9,1
5,1,1,0,0,0,0,2,0,0,0,255,255,255,4,300.501,"하루（Haru）",R,3,71,112,-1.678,-0.289,0.294,1.781,-0.044,1.429,-36.491,40.47,0,100,0,2,0,-457.572,0,15.16,0,0,1,2,2,R,"Penguin_iDOL",190,80,0.25,3,85,W,Y,301.669,255,229,96,113,89,145,100,27.784,-16.12,0.94,0,0.523,84.621,-83.797,182.051,-0.407,-36.93,0,"わだ、、",-0.003,-17.896,0,"레이나2",-20.704,-47.187,0,"k@ster",-17.227,-61.779,68,"Kr_Luna",18.311,-51.818,0,"Yaksok~",10.907,-68.199,0,"AI",40.9,-90.65,0,"AI",0,-109.84,0,"-つる３-",-49.324,-101.09,0,306.33,23.512,-101.354,309.197,6,"AI",30.529,-116.969,1,0,,,,,72,2
6,1,1,0,0,0,0,2,1,0,0,2,255,255,5,334.455,"하루（Haru）",R,12,77,126,1.993,-0.171,0.493,1.818,0.883,1.54,-36.491,57.431,86,14,0,1,0,-23.021,50.709,5.884,0,0,0,3,5,L,"Sabo_10",175,88,0.452,0,85,W,Y,0,0,0,0,0,0,0,0,0,0,0,0,0,0,0,0,-0.328,-36.848,0,"わだ、、",0.03,-17.857,0,"레이나2",-20.316,-43.204,0,"k@ster",-9.398,-66.444,0,"Kr_Luna",19.938,-48.946,0,"Yaksok~",15.76,-63.154,0,"AI",40.9,-90.65,0,"AI",0,-109.84,0,"-つる３-",-40.583,-92.249,0,0,0,0,0,0,"",0,0,0,0,335.53,,,,0,0
7,1,1,0,0,1,0,2,1,0,0,2,255,255,6,347.989,"하루（Haru）",R,3,80,123,0.534,-0.395,0.444,1.779,0.656,1.404,-36.491,48.96,91,9,0,2,0,-276.951,36.732,5.542,0,0,1,3,5,L,"Sabo_10",175,88,0.452,3,85,W,Y,348.88,208,161,96,114,53,145,127,10.977,25.152,0.53,0,0.522,249.477,-485.975,-191.812,-0.256,-36.785,0,"わだ、、",0.044,-17.891,0,"레이나2",-18.889,-46.567,0,"k@ster",-9.533,-66.562,0,"Kr_Luna",19.127,-49.529,0,"Yaksok~",16.646,-65.504,91,"AI",40.9,-90.65,0,"AI",0,-109.84,0,"-つる３-",-40.755,-91.9,0,352.272,-32.594,-109.622,356.063,7,"AI",-30.854,-119.603,1,0,,355.418,360.435,,12,2
8,1,1,0,0,0,0,2,0,1,1,255,5,2,7,385.011,"하루（Haru）",R,0,23,79,0.873,1.186,0.422,2.13,0.367,2.309,-36.491,79.755,100,0,0,1,0,0,0,-38.288,0,0,0,4,3,R,"かめかめん",175.2,91.788,0.572,0,85,W,Y,0,0,0,0,0,0,0,0,0,0,0,0,0,0,0,0,0.016,-36.756,0,"わだ、、",-0.02,-17.943,0,"레이나2",-20.665,-44.098,0,"k@ster",-14.098,-64.367,0,"Kr_Luna",18.284,-46.85,0,"Yaksok~",9.735,-67.872,0,"AI",40.9,-90.65,0,"AI",0,-109.84,0,"-つる３-",-47.719,-95.487,0,0,0,0,0,0,"",0,0,0,0,386.622,387.755,388.05,,0,0
9,1,1,0,0,0,1,2,0,1,1,255,5,2,8,404.527,"하루（Haru）",R,0,23,79,1.74,-1.112,0.543,1.599,0.745,1.066,-36.491,77.423,42,58,0,2,0,-1.506,41.977,-98.839,0,0,1,4,3,R,"かめかめん",175.2,91.788,0.572,3,85,W,Y,405.947,132,80,80,87,52,138,124,-30,-39.466,0.29,0,0.181,-472.583,245.526,-81.085,-0.016,-36.389,0,"わだ、、",-0.012,-18.037,0,"레이나2",-20.38,-46.889,0,"k@ster",-14.038,-64.276,0,"Kr_Luna",18.522,-46.361,111,"Yaksok~",12.12,-67.827,0,"AI",40.9,-90.65,0,"AI",0,-109.84,0,"-つる３-",-47.701,-95.427,0,405.872,1.076,-21.418,406.997,4,"Kr_Luna",18.726,-42.888,0,0,441.455,,408.098,,99,2
10,1,0,0,0,0,0,0,0,0,0,255,255,255,0,653.436,"소솨소솨",R,33,90,140,-3.92,-1.143,0.021,1.549,-1.84,0.846,-36.543,9.128,53,47,0,1,0,111.415,-102.951,5.159,0,0,0,0,5,R,"Yaksok~",173.3,80,0.332,0,83,W,Y,0,0,0,0,0,0,0,0,0,0,0,0,0,0,0,0,-0.056,-37.765,0,"M_lunatic",-0.39,-17.239,0,"Penguin_iDOL",-20.047,-47.737,0,"かめかめん",-13.398,-62.379,0,"인생최패망자",16.239,-45.332,0,"Sabo_10",9.257,-63.301,0,"AI",40.9,-90.65,0,"AI",0,-109.84,0,"SUGUN",-42.962,-92.538,0,0,0,0,0,0,"",0,0,0,0,654.48,,,,0,0
11,1,0,0,0,1,0,0,0,0,0,255,255,255,1,665.306,"소솨소솨",R,34,82,134,-0.608,-0.329,0.125,1.571,-0.349,1.368,-36.543,4.319,48,52,0,0,0,56.278,-44.119,0.796,0,0,1,0,5,R,"Yaksok~",173.3,80,0.332,0,83,W,Y,0,0,0,0,0,0,0,0,0,0,0,0,0,0,0,0,0.016,-37.863,0,"M_lunatic",-0.122,-17.041,0,"Penguin_iDOL",-20.105,-47.72,0,"かめかめん",-13.337,-62.385,0,"인생최패망자",15.839,-45.163,0,"Sabo_10",7.639,-62.94,0,"AI",40.9,-90.65,0,"AI",0,-109.84,0,"SUGUN",-42.871,-92.747,0,0,0,0,0,0,"",0,0,0,0,666.397,,,,0,0
12,1,0,0,0,1,1,0,0,0,0,255,255,255,2,676.954,"소솨소솨",R,34,85,138,-0.528,-0.369,0.127,1.561,-0.338,1.333,-36.543,2.303,52,48,0,2,0,75.843,-60.505,2.344,0,0,1,0,5,R,"Yaksok~",173.3,80,0.332,3,83,W,Y,677.919,139,141,95,86,7,142,105,-30,45.694,0.92,0,0.163,-368.512,239.586,-157.157,-0.051,-37.392,0,"M_lunatic",-0.341,-17.397,0,"Penguin_iDOL",-19.92,-47.666,85,"かめかめん",-13.194,-62.445,0,"인생최패망자",16.034,-45.081,0,"Sabo_10",8.887,-63.948,0,"AI",40.9,-90.65,0,"AI",0,-109.84,0,"SUGUN",-42.965,-92.547,0,677.739,-1.196,-20.224,679.413,2,"Penguin_iDOL",-18.963,-42.168,0,0,,,,,68,2
13,1,0,0,0,0,0,1,0,0,0,255,255,255,3,694.963,"소솨소솨",R,33,89,140,-1.418,-1.046,0.04,1.418,-0.742,0.898,-36.543,10.072,38,62,0,1,0,105.273,-65.88,-0.266,0,0,0,1,1,L,"わだ、、",190,80,0.498,0,83,W,Y,0,0,0,0,0,0,0,0,0,0,0,0,0,0,0,0,-0.159,-37.841,0,"M_lunatic",-0.168,-17.545,0,"Penguin_iDOL",-20.75,-47.348,0,"かめかめん",-12.047,-63.261,0,"인생최패망자",16.883,-44.118,0,"Sabo_10",13.395,-64.241,0,"AI",40.9,-90.65,0,"AI",0,-109.84,0,"SUGUN",-42.467,-92.883,0,0,0,0,0,0,"",0,0,0,0,696.172,,,,0,0
14,1,0,0,0,1,0,1,0,0,0,255,255,255,4,706.517,"소솨소솨",R,34,93,140,-1.361,-1.102,0.048,1.407,-0.709,0.862,-36.543,9.836,51,49,0,2,0,84.633,-67.574,-1.341,0,0,1,1,1,L,"わだ、、",190,80,0.498,3,83,W,Y,707.548,255,143,154,127,78,145,121,18.418,1.247,0.75,0,0.475,-31.549,-469.075,-325.434,-0.204,-37.604,0,"M_lunatic",-0.342,-17.642,0,"Penguin_iDOL",-20.53,-47.583,0,"かめかめん",-12.027,-63.248,79,"인생최패망자",16.621,-43.818,0,"Sabo_10",12.898,-64.422,0,"AI",40.9,-90.65,0,"AI",0,-109.84,0,"SUGUN",-42.848,-92.75,0,711.797,9.505,-123.98,713.53,7,"AI",12.606,-131.186,1,0,,717.767,,,80,2
15,1,0,0,0,0,0,1,0,1,0,255,11,255,5,736.362,"소솨소솨",R,33,86,140,1.787,-0.097,0.338,1.602,0.64,1.492,-36.543,15.63,51,49,0,4,0,109.492,-66.933,-1.079,0,0,0,2,4,L,"Kr_Luna",190,95.256,0.504,0,83,W,Y,0,0,0,0,0,0,0,0,0,0,0,0,0,0,0,0,0.058,-38.012,0,"M_lunatic",0.138,-17.385,0,"Penguin_iDOL",-20.738,-48.528,0,"かめかめん",-10.983,-63.693,0,"인생최패망자",18.585,-42.205,0,"Sabo_10",12.601,-62.033,0,"AI",40.9,-90.65,0,"AI",0,-109.84,0,"SUGUN",-40.664,-102.576,0,0,0,0,0,0,"",0,0,0,0,737.455,739.31,,,0,0
16,1,0,0,0,0,1,1,0,1,0,255,11,255,6,752.928,"소솨소솨",R,33,85,137,-1.561,-0.076,0.02,1.598,-0.835,1.479,-36.543,2.67,50,50,0,1,0,111.42,-95.05,4.384,0,0,0,2,4,L,"Kr_Luna",190,95.256,0.504,0,83,W,Y,0,0,0,0,0,0,0,0,0,0,0,0,0,0,0,0,-0.17,-37.806,0,"M_lunatic",-0.17,-17.373,0,"Penguin_iDOL",-17.538,-45.052,0,"かめかめん",-10.459,-63.33,0,"인생최패망자",17.712,-40.44,0,"Sabo_10",14.3,-62.934,0,"AI",40.9,-90.65,0,"AI",0,-109.84,0,"SUGUN",-40.779,-102.585,0,0,0,0,0,0,"",0,0,0,0,753.947,755.803,,,0,0
17,1,0,0,0,1,1,1,0,1,0,255,11,255,7,765.664,"소솨소솨",R,33,91,140,-0.566,-0.953,0.116,1.432,-0.393,0.943,-36.543,10.303,50,50,0,0,0,105.467,-82.585,2.504,0,0,0,2,4,L,"Kr_Luna",190,95.256,0.504,0,84,W,Y,0,0,0,0,0,0,0,0,0,0,0,0,0,0,0,0,0.007,-37.806,0,"M_lunatic",-0.102,-17.433,0,"Penguin_iDOL",-17.74,-45.048,0,"かめかめん",-9.588,-63.53,0,"인생최패망자",18.04,-41.429,0,"Sabo_10",13.051,-62.319,0,"AI",40.9,-90.65,0,"AI",0,-109.84,0,"SUGUN",-40.48,-102.783,0,0,0,0,0,0,"",0,0,0,0,766.663,768.394,,,0,0
18,1,0,0,0,1,2,1,0,1,0,255,11,255,8,779.625,"소솨소솨",R,33,94,140,0.184,-0.717,0.177,1.474,-0.108,1.077,-36.543,6.931,44,56,0,2,0,135.25,-98.384,-2.626,0,0,0,2,4,L,"Kr_Luna",190,95.256,0.504,3,84,W,Y,780.475,168,108,125,107,42,145,104,100.431,77.945,0.92,0,0.137,138.937,-94.16,-2.594,0.124,-37.065,0,"M_lunatic",-0.038,-17.156,0,"Penguin_iDOL",-17.672,-45.242,0,"かめかめん",-5.741,-64.244,0,"인생최패망자",17.102,-44.195,0,"Sabo_10",15.338,-63.023,0,"AI",40.9,-90.65,0,"AI",0,-109.85,0,"SUGUN",-40.743,-102.682,0,0,0,0,0,0,"",0,0,0,0,,784.803,,,64,3
19,1,0,0,0,1,2,1,0,1,0,255,11,255,9,792.664,"소솨소솨",R,0,68,107,1.028,0.623,0.341,1.816,0.437,2.01,-36.543,30.064,83,17,0,2,0,0,0,0.387,0,0,0,2,4,L,"Kr_Luna",190,95.256,0.504,3,84,W,Y,793.598,102,105,105,87,37,136,116,93.368,81.396,0.77,0,0.121,407.897,-201.744,-31.483,-0.099,-37.156,0,"M_lunatic",-0.003,-17.205,0,"Penguin_iDOL",-19.089,-46.243,0,"かめかめん",-10.069,-64.007,0,"인생최패망자",17.094,-44.403,0,"Sabo_10",14.982,-63.174,0,"AI",40.9,-90.65,0,"AI",0,-109.85,0,"SUGUN",-39.7,-101.403,0,0,0,0,0,0,"",0,0,0,0,,797.603,,,64,3
20,1,0,0,0,1,2,1,0,1,0,255,11,255,10,805.635,"소솨소솨",R,33,87,140,0.817,-0.238,0.239,1.576,0.182,1.409,-36.543,18.942,46,54,0,2,0,123.481,-60.303,-3.991,0,0,0,2,4,L,"Kr_Luna",190,95.256,0.504,3,84,W,Y,806.453,158,126,148,85,42,145,130,28.79,-21.207,0.5,0,0.144,220.338,-157.063,-25.079,-0.059,-37.037,0,"M_lunatic",0.015,-17.206,0,"Penguin_iDOL",-18.869,-45.453,0,"かめかめん",-10.889,-62.407,0,"인생최패망자",16.832,-43.915,0,"Sabo_10",15.109,-63.129,0,"AI",40.9,-90.65,0,"AI",0,-109.85,0,"SUGUN",-44.518,-105.233,0,811.572,47.152,-127.51,0,0,"",0,0,0,0,,817.556,810.785,816.366,64,4
21,1,0,0,2,0,0,1,0,0,0,255,255,255,11,844.715,"소솨소솨",R,33,83,135,0.651,0.324,0.221,1.656,0.096,1.67,-36.543,11.431,46,54,0,2,0,147.745,-106.446,2.344,0,0,1,3,3,R,"k@ster",168.4,89.756,0.502,0,85,W,Y,845.67,195,89,85,37,8,140,85,37.623,40.045,-0.58,0,0.063,288.996,170.289,-194.21,-0.093,-37.478,0,"M_lunatic",-0.05,-17.415,0,"Penguin_iDOL",-20.26,-44.792,0,"かめかめん",-13.002,-63.453,0,"인생최패망자",16.244,-44.695,0,"Sabo_10",9.278,-60.942,0,"AI",40.9,-90.65,0,"AI",0,-109.84,0,"SUGUN",-44.879,-91.261,115,850.33,-46.408,-70.935,850.705,8,"SUGUN",-45.825,-70.326,0,0,,,,,66,1
22,1,0,0,2,0,0,2,0,0,0,255,255,255,12,867.093,"소솨소솨",R,27,91,140,-2.009,-0.203,-0.012,1.573,-0.987,1.377,-36.543,5.877,60,40,0,2,0,95.581,-115.341,7.488,0,0,1,4,8,L,"-つる３-",175,89.687,0.49,3,85,W,Y,868.18,255,73,73,62,50,143,100,-56.029,52.033,-0.01,0,0.273,-416.42,59.517,-71.854,-0.316,-37.582,0,"M_lunatic",-0.381,-17.425,0,"Penguin_iDOL",-21.939,-46.924,0,"かめかめん",-11.273,-64.234,0,"인생최패망자",16.491,-43.711,0,"Sabo_10",12.323,-62.745,0,"AI",40.9,-90.65,0,"AI",0,-109.84,0,"SUGUN",-43.842,-89.455,0,868.005,-1.023,-19.68,0,0,"",0,0,0,0,,,,,64,3
23,1,0,0,2,0,1,2,0,0,0,255,255,255,13,881.561,"소솨소솨",R,26,90,140,0.075,0.603,0.172,1.695,-0.131,1.806,-36.543,9.227,49,51,0,2,0,118.201,-154.41,-0.431,0,0,1,4,8,L,"-つる３-",175,89.687,0.49,3,41,W,Y,882.63,255,88,102,69,37,145,127,-26.825,-46.852,0.29,0,0.298,-236.624,-436.355,194.274,0.086,-37.692,0,"M_lunatic",-0.065,-17.326,0,"Penguin_iDOL",-21.583,-45.727,0,"かめかめん",-12.273,-63.9,0,"인생최패망자",16.553,-43.478,0,"Sabo_10",13.043,-63.263,0,"AI",40.9,-90.65,0,"AI",0,-109.84,0,"SUGUN",-42.164,-89.382,0,882.555,2.249,-21.129,0,0,"",0,0,0,0,,,,,64,3
24,1,0,0,2,0,2,2,0,0,0,255,255,255,14,895.298,"소솨소솨",R,27,81,132,-2.703,-2.731,0.032,1.295,-1.28,-0.394,-36.543,21.952,41,59,0,2,0,74.183,-123.21,10.375,-0.455,-21.923,1,4,8,L,"-つる３-",175,89.687,0.49,3,41,W,Y,896.547,255,174,100,102,67,145,113,-30,15.022,0.87,0,0.273,-338.069,-77.313,400.462,-0.318,-37.667,0,"M_lunatic",-0.284,-17.377,0,"Penguin_iDOL",-20.515,-46.641,81,"かめかめん",-11.074,-64.148,93,"인생최패망자",17.199,-44.442,0,"Sabo_10",12.017,-63.403,0,"AI",40.9,-90.65,0,"AI",0,-109.84,0,"SUGUN",-43.334,-91.037,0,896.347,-0.519,-20.644,898.622,3,"かめかめん",-18.172,-61.209,0,0,,,,,84,2
25,2,1,0,2,0,0,0,0,0,0,255,255,255,9,941.373,"하루（Haru）",R,28,82,133,0.974,0.261,0.366,1.856,0.292,1.673,-36.491,49.654,84,16,0,0,0,98.102,-99.749,4.61,0,0,0,5,1,L,"M_lunatic",190,94.627,0.444,0,85,W,Y,0,0,0,0,0,0,0,0,0,0,0,0,0,0,0,0,-0.214,-36.617,0,"わだ、、",0.074,-17.865,0,"레이나2",-20.643,-47.404,0,"k@ster",-9.899,-66.356,0,"Kr_Luna",20.235,-47.568,0,"Yaksok~",14.954,-64.079,0,"AI",40.9,-90.65,0,"AI",0,-109.84,0,"-つる３-",-44.606,-97.48,0,0,0,0,0,0,"",0,0,0,0,942.572,,,,0,0
26,2,1,0,2,0,1,0,0,0,0,255,255,255,10,956.482,"하루（Haru）",R,33,75,126,0.076,-0.071,0.272,1.805,-0.145,1.506,-36.491,42.893,73,27,0,2,0,110.808,-48.973,11.982,0,0,1,5,1,L,"M_lunatic",190,94.627,0.444,3,85,W,Y,957.537,232,95,70,85,58,144,90,5.365,-28.154,-0.81,0,0.451,488.556,-169.329,-142.992,-0.505,-37.261,0,"わだ、、",0.04,-17.898,0,"레이나2",-20.356,-47.45,0,"k@ster",-9.927,-66.276,0,"Kr_Luna",18.942,-48.221,96,"Yaksok~",16.395,-64.688,0,"AI",40.9,-90.65,0,"AI",0,-109.84,0,"-つる３-",-44.766,-97.219,0,0,0,0,958.889,4,"Kr_Luna",14.81,-47.557,0,0,,,,,68,1
27,2,1,0,2,0,0,1,0,0,0,255,255,255,11,977.678,"하루（Haru）",R,27,80,117,0.096,-0.13,0.265,1.725,-0.118,1.384,-36.491,24.802,34,66,0,2,0,90.272,-138.283,16.137,0,0,1,6,0,R,"소솨소솨",190,80,0.498,3,84,W,Y,978.856,246,162,95,66,103,145,104,26.023,19.458,0.92,0,0.597,40.359,-285.027,59.747,-0.544,-36.723,0,"わだ、、",-0.079,-17.938,0,"레이나2",-20.589,-46.884,0,"k@ster",-17.303,-62.336,0,"Kr_Luna",17.787,-51.768,0,"Yaksok~",10.633,-68.253,87,"AI",40.9,-90.65,0,"AI",0,-109.84,0,"-つる３-",-56.486,-98.504,0,983.463,-24.272,-105.996,987.422,7,"AI",-30.033,-128.505,1,0,,989.708,,,65,2
28,2,1,0,2,0,0,1,0,1,0,255,0,255,12,1016.369,"하루（Haru）",R,28,74,112,1.666,0.379,0.495,1.894,0.595,1.749,-36.491,47.19,81,19,0,2,0,64.885,-90.927,5.351,0,0,1,0,4,R,"인생최패망자",190,80,0.351,3,84,W,Y,1017.52,255,121,190,134,71,145,124,26.553,-40,0.24,0,0.308,-206.245,396.229,-78.091,0.318,-36.866,0,"わだ、、",-0.053,-17.856,0,"레이나2",-20.434,-46.956,0,"k@ster",-17.464,-61.829,74,"Kr_Luna",19.301,-47.261,0,"Yaksok~",11.165,-61.292,0,"AI",40.9,-90.65,0,"AI",0,-109.84,0,"-つる３-",-49.069,-93.259,0,1021.872,61.075,-108.749,1023.097,6,"AI",57.427,-106.782,1,0,,1027.587,1022.182,1027.407,72,2
29,2,1,1,2,0,0,1,0,1,0,255,4,255,13,1049.462,"하루（Haru）",R,27,82,133,2.062,-0.886,0.502,1.908,0.924,1.853,-36.491,48.553,87,13,0,2,0,61.254,-103.64,3.432,0,0,1,1,8,R,"SUGUN",179.9,82.092,0.496,3,85,W,Y,1050.554,255,52,129,46,2,145,87,61.216,-42.442,-0.82,0,0.351,520.496,-61.781,189.472,0.233,-36.616,0,"わだ、、",0.026,-17.962,0,"레이나2",-20.499,-47.1,0,"k@ster",-17.512,-62.216,0,"Kr_Luna",19.201,-46.412,59,"Yaksok~",7.998,-62.554,0,"AI",40.9,-90.65,0,"AI",0,-109.84,0,"-つる３-",-48.776,-92.116,0,0,0,0,1056.28,4,"Kr_Luna",36.882,-56.566,0,0,,1058.201,,,68,1
30,2,1,1,2,0,0,2,0,1,0,255,4,255,14,1085.003,"하루（Haru）",R,27,83,134,0.42,0.01,0.318,1.796,0.067,1.479,-36.491,31.25,41,59,0,0,0,75.514,-141.101,13.975,0,0,1,2,2,R,"Penguin_iDOL",190,80,0.25,0,84,W,Y,0,0,0,0,0,0,0,0,0,0,0,0,0,0,0,0,-0.19,-37.001,0,"わだ、、",0.039,-17.574,0,"레이나2",-20.705,-46.745,0,"k@ster",-17.625,-62.156,0,"Kr_Luna",19.691,-42.555,0,"Yaksok~",8.857,-65.035,0,"AI",40.9,-90.65,0,"AI",0,-109.84,0,"-つる３-",-55.54,-98.138,0,0,0,0,0,0,"",0,0,0,0,1086.197,1087.998,,,0,0
31,2,1,1,2,0,1,2,0,1,0,255,4,255,15,1104.038,"하루（Haru）",R,10,85,130,-1.274,-2.529,0.416,1.687,0.525,1.124,-36.491,37.946,38,62,0,2,0,-3.056,288.658,6.913,0,0,1,2,2,R,"Penguin_iDOL",190,80,0.25,3,84,W,Y,1105.145,255,145,85,98,55,145,94,-40.4,-48.869,-0.64,0,0.396,-478.868,29.192,-304.13,0.088,-36.919,0,"わだ、、",-0.022,-17.663,0,"레이나2",-20.515,-46.997,0,"k@ster",-17.447,-62.082,0,"Kr_Luna",17.312,-45.001,0,"Yaksok~",9.674,-64.375,0,"AI",40.9,-90.65,0,"AI",0,-109.84,0,"-つる３-",-55.347,-98.048,0,1104.997,0.4,-20.325,0,0,"",0,0,0,0,,1110.628,,,68,0
32,2,1,1,2,0,2,2,0,1,0,255,4,255,16,1125.885,"하루（Haru）",R,28,74,126,0.639,1.625,0.338,2.12,0.16,2.527,-36.491,70.298,84,16,0,4,0,70.375,-90.11,-0.058,0,0,1,2,2,R,"Penguin_iDOL",190,80,0.25,0,74,W,Y,0,0,0,0,0,0,0,0,0,0,0,0,0,0,0,0,-0.164,-36.824,0,"わだ、、",0.01,-17.912,0,"레이나2",-20.677,-44.294,0,"k@ster",-17.569,-62.199,0,"Kr_Luna",20.637,-44.315,0,"Yaksok~",7.791,-64.176,0,"AI",40.9,-90.65,0,"AI",0,-109.84,0,"-つる３-",-52.883,-98.572,0,0,0,0,0,0,"",0,0,0,0,1127.147,,,,0,0
33,2,0,1,2,0,0,0,0,0,0,255,255,255,15,1156.075,"소솨소솨",R,34,87,140,0.103,0.105,0.187,1.633,-0.059,1.592,-36.543,4.577,52,48,0,0,0,84.123,-83.687,3.902,0,0,0,5,2,R,"레이나2",180.3,80.118,0.403,0,73,W,Y,0,0,0,0,0,0,0,0,0,0,0,0,0,0,0,0,-0.037,-37.83,0,"M_lunatic",-0.088,-17.243,0,"Penguin_iDOL",-21.383,-49.436,0,"かめかめん",-13.847,-62.209,0,"인생최패망자",16.12,-45.059,0,"Sabo_10",11.533,-64.383,0,"AI",40.903,-90.652,0,"AI",0,-109.843,0,"SUGUN",-44.451,-91.384,0,0,0,0,0,0,"",0,0,0,0,1157.364,,,,0,0
34,2,0,1,2,0,1,0,0,0,0,255,255,255,16,1167.797,"소솨소솨",R,34,88,140,-1.26,-1.065,0.063,1.435,-0.639,0.914,-36.543,11.477,49,51,0,4,0,65.169,-64.684,0.953,0,0,1,5,2,R,"레이나2",180.3,80.118,0.403,0,73,W,Y,0,0,0,0,0,0,0,0,0,0,0,0,0,0,0,0,-0.091,-37.856,0,"M_lunatic",-0.204,-17.479,0,"Penguin_iDOL",-21.099,-49.556,0,"かめかめん",-13.864,-62.272,0,"인생최패망자",16.349,-45.187,0,"Sabo_10",10.596,-64.204,0,"AI",40.903,-90.652,0,"AI",0,-109.843,0,"SUGUN",-44.527,-91.341,0,0,0,0,0,0,"",0,0,0,0,1169.047,,,,0,0
35,2,0,1,2,0,2,0,0,0,0,255,255,255,17,1180.447,"소솨소솨",R,0,82,134,-0.179,-0.949,0.168,1.461,-0.148,1.002,-36.543,8.187,46,54,0,2,0,45.279,-39.093,-0.356,0,0,1,5,2,R,"레이나2",180.3,80.118,0.403,3,73,W,Y,1181.563,105,53,90,47,22,135,82,18.61,-35.091,-0.79,0,0.163,175.371,67.468,-168.695,-0.115,-37.649,0,"M_lunatic",-0.167,-17.556,0,"Penguin_iDOL",-21.236,-49.646,0,"かめかめん",-13.86,-62.283,78,"인생최패망자",15.814,-44.651,0,"Sabo_10",10.552,-65.179,0,"AI",40.904,-90.654,0,"AI",0,-109.845,0,"SUGUN",-44.475,-91.31,0,1184.172,28.64,-61.527,1185.808,6,"AI",39.224,-73.552,1,0,,,,,80,2
36,2,0,1,2,0,0,0,1,0,0,12,255,255,18,1206.283,"소솨소솨",R,28,89,140,-0.881,-0.072,0.099,1.602,-0.468,1.494,-36.543,8.951,45,55,0,0,0,59.693,-83.03,-0.062,0,0,0,6,0,L,"하루（Haru）",190,90.172,0.403,0,84,W,Y,0,0,0,0,0,0,0,0,0,0,0,0,0,0,0,0,-0.077,-38.116,0,"M_lunatic",-0.11,-17.444,0,"Penguin_iDOL",-19.079,-44.112,0,"かめかめん",-8.499,-62.921,0,"인생최패망자",16.757,-44.019,0,"Sabo_10",14.383,-62.754,0,"AI",40.903,-90.652,0,"AI",0,-109.843,0,"SUGUN",-31.226,-96.6,0,0,0,0,0,0,"",0,0,0,0,1207.53,,,,0,0
37,2,0,1,2,0,1,0,1,0,0,12,255,255,19,1217.169,"소솨소솨",R,33,93,140,-1.299,-0.806,0.046,1.463,-0.718,1.042,-36.543,12.828,37,63,0,0,0,112.057,-73.425,-4.123,0,0,0,6,0,L,"하루（Haru）",190,90.172,0.403,0,84,W,Y,0,0,0,0,0,0,0,0,0,0,0,0,0,0,0,0,-0.093,-37.881,0,"M_lunatic",-0.136,-17.367,0,"Penguin_iDOL",-21.31,-43.517,0,"かめかめん",-7.515,-63.497,0,"인생최패망자",17.069,-44.091,0,"Sabo_10",14.335,-63.191,0,"AI",40.903,-90.652,0,"AI",0,-109.843,0,"SUGUN",-27.859,-80.079,0,0,0,0,0,0,"",0,0,0,0,1218.413,,,,0,0
38,2,0,1,2,0,2,0,1,0,0,12,255,255,20,1229.052,"소솨소솨",R,34,86,139,1.461,0.055,0.313,1.633,0.524,1.594,-36.543,16.671,39,61,0,2,0,75.578,-57.661,-2.511,0,0,1,6,0,L,"하루（Haru）",190,90.172,0.403,3,84,W,Y,1230.183,216,80,76,65,33,145,130,30.141,-42.76,0.63,0,0.258,-150.684,-330.984,21.429,0.087,-37.775,0,"M_lunatic",0.076,-17.666,0,"Penguin_iDOL",-19.512,-45.575,0,"かめかめん",-9.149,-63.039,0,"인생최패망자",16.649,-43.165,0,"Sabo_10",14.589,-63.396,0,"AI",40.904,-90.654,0,"AI",0,-109.845,0,"SUGUN",-32.311,-88.182,0,1234.647,81.953,-95.757,0,0,"",0,0,0,0,,,,,64,3
39,2,0,1,2,0,2,0,1,0,0,12,255,255,21,1253.398,"소솨소솨",R,33,90,140,2.076,0.027,0.351,1.623,0.701,1.562,-36.543,22.656,48,52,0,2,0,143.187,-75.096,-4.581,0,0,1,6,0,L,"하루（Haru）",190,90.172,0.403,3,84,W,Y,1254.548,220,151,49,98,44,136,125,-30,-43.843,0.29,0,0.164,449.436,-154.455,-14.934,0.025,-37.902,0,"M_lunatic",0.152,-17.609,0,"Penguin_iDOL",-20.927,-48.402,0,"かめかめん",-10.11,-63.252,0,"인생최패망자",17.419,-43.387,0,"Sabo_10",14.373,-63.598,0,"AI",40.904,-90.654,0,"AI",0,-109.845,0,"SUGUN",-26.726,-78.218,0,1254.405,1.831,-20.111,0,0,"",0,0,0,0,,,,,64,3
40,2,0,1,2,0,2,0,1,0,0,12,255,255,22,1275.202,"소솨소솨",R,27,95,140,-1.289,-0.539,0.026,1.464,-0.811,1.047,-36.543,8.24,55,45,0,2,0,69.431,-105.299,2.546,0,0,1,6,0,L,"하루（Haru）",190,90.172,0.403,3,83,W,Y,1276.268,255,123,84,105,52,145,90,-44.247,34.98,-0.81,0,0.203,61.3,203.664,287.738,-0.316,-37.51,0,"M_lunatic",-0.286,-17.772,0,"Penguin_iDOL",-18.95,-46.764,114,"かめかめん",-10.595,-62.64,0,"인생최패망자",17.414,-44.171,0,"Sabo_10",14.013,-63.454,107,"AI",40.904,-90.654,0,"AI",0,-109.845,0,"SUGUN",-27.795,-78.872,0,1276.105,-0.781,-20.492,1277.997,2,"Penguin_iDOL",-15.523,-41.567,1,0,,1280.97,,,76,2
41,2,0,1,2,0,0,1,1,0,0,10,255,255,23,1305.675,"소솨소솨",R,34,91,140,-2.573,-2.488,0.07,1.438,-1.209,0.136,-36.543,13.54,34,66,0,1,0,63.369,-49.49,0.749,-0.499,-19.625,0,0,5,R,"Yaksok~",173.3,80,0.332,0,83,W,Y,0,0,0,0,0,0,0,0,0,0,0,0,0,0,0,0,0.172,-37.919,0,"M_lunatic",-0.235,-17.503,0,"Penguin_iDOL",-21.026,-43.491,0,"かめかめん",-13.04,-62.447,0,"인생최패망자",16.584,-45.148,0,"Sabo_10",4.698,-64.13,0,"AI",40.902,-90.652,0,"AI",0,-109.843,0,"SUGUN",-44.859,-91.167,0,0,0,0,0,0,"",0,0,0,0,1306.722,,,,0,0
42,2,0,1,2,1,0,1,1,0,0,10,255,255,24,1319.688,"소솨소솨",R,26,84,137,-1.129,-1.85,0.072,1.299,-0.596,0.402,-36.543,21.203,46,54,0,1,0,73.543,-151.289,4.844,0,0,0,0,5,R,"Yaksok~",173.3,80,0.332,0,83,W,Y,0,0,0,0,0,0,0,0,0,0,0,0,0,0,0,0,-0.137,-37.948,0,"M_lunatic",-0.212,-17.357,0,"Penguin_iDOL",-20.602,-44.019,0,"かめかめん",-13.037,-62.458,0,"인생최패망자",16.54,-45.187,0,"Sabo_10",2.802,-63.812,0,"AI",40.902,-90.652,0,"AI",0,-109.843,0,"SUGUN",-44.675,-91.256,0,0,0,0,0,0,"",0,0,0,0,1320.797,,,,0,0
43,2,0,1,2,2,0,1,1,0,0,10,255,255,25,1333.315,"소솨소솨",R,33,88,140,0.606,-0.174,0.218,1.58,0.084,1.4,-36.543,8.88,42,58,0,2,0,128.737,-108.155,1.3,0,0,0,0,5,R,"Yaksok~",173.3,80,0.332,3,83,W,Y,1334.207,170,137,92,73,0,145,90,36.402,29.382,-0.53,0,0.087,210.759,531.943,-137.875,0.044,-37.575,0,"M_lunatic",-0.082,-17.349,0,"Penguin_iDOL",-19.288,-45.293,0,"かめかめん",-13.019,-62.343,0,"인생최패망자",16.452,-44.906,0,"Sabo_10",7.514,-63.205,0,"AI",40.904,-90.654,0,"AI",0,-109.844,0,"SUGUN",-44.485,-91.385,107,1338.997,-43.041,-78.331,1339.222,8,"SUGUN",-41.388,-76.538,0,0,,,,,66,1
44,2,0,1,2,0,0,2,1,0,0,10,255,255,26,1356.032,"소솨소솨",R,27,87,140,-1.261,-0.307,0.051,1.548,-0.691,1.318,-36.543,2.172,51,49,0,2,0,103.849,-115.856,5.289,0,0,1,1,1,L,"わだ、、",190,80,0.498,3,83,W,Y,1357.127,255,111,192,135,55,145,104,26.753,-39.925,0.92,0,0.39,226.448,67.601,-79.596,-0.203,-37.611,0,"M_lunatic",-0.404,-17.592,0,"Penguin_iDOL",-20.599,-46.796,0,"かめかめん",-9.016,-63.543,0,"인생최패망자",17.525,-44.64,0,"Sabo_10",13.084,-62.957,0,"AI",40.904,-90.654,0,"AI",0,-109.845,0,"SUGUN",-43.117,-91.062,0,1361.663,57.625,-89.566,0,0,"",0,0,0,0,,1361.087,,,64,1
45,3,1,1,2,0,0,0,0,0,0,255,255,255,17,1419.434,"하루（Haru）",R,27,85,138,-1.1,0.151,0.168,1.82,-0.63,1.546,-36.491,26.297,41,59,0,0,0,105.917,-143.825,17.641,0,0,0,3,5,L,"Sabo_10",174.9,88,0.452,0,83,W,Y,0,0,0,0,0,0,0,0,0,0,0,0,0,0,0,0,0.217,-36.732,0,"わだ、、",0.046,-17.917,0,"레이나2",-20.841,-47.025,0,"k@ster",-10.209,-66.331,0,"Kr_Luna",19.588,-47.303,0,"Yaksok~",17.252,-65.235,0,"AI",40.9,-90.65,0,"AI",0,-109.84,0,"-つる３-",-43.866,-92.6,0,0,0,0,0,0,"",0,0,0,0,1420.505,,,,0,0
46,3,1,1,2,0,1,0,0,0,0,255,255,255,18,1438.045,"하루（Haru）",R,3,72,113,-1.978,-0.165,0.275,1.808,-0.131,1.506,-36.491,48.513,29,71,0,2,0,-419.19,0,13.087,0,0,1,3,5,L,"Sabo_10",174.9,88,0.452,3,83,W,Y,1438.948,251,91,103,100,65,145,95,42.092,25.125,-0.3,0,0.561,-326.797,-383.225,-144.646,0.083,-36.896,0,"わだ、、",0.026,-17.989,0,"레이나2",-20.475,-47.332,0,"k@ster",-10.232,-66.365,0,"Kr_Luna",19.287,-47.932,0,"Yaksok~",15.804,-65.286,85,"AI",40.9,-90.65,0,"AI",0,-109.84,0,"-つる３-",-43.828,-92.788,0,1443.563,-23.382,-89.323,1446.172,7,"AI",-27.268,-106.838,1,0,,1448.816,,,65,2
47,3,1,1,2,0,0,0,0,1,0,255,5,255,19,1474.246,"하루（Haru）",R,10,20,73,1.422,-0.851,0.498,1.844,0.605,1.64,-36.491,72.538,100,0,0,2,0,0,251.747,-66.361,0,0,1,4,3,R,"かめかめん",175.2,91.788,0.572,3,82,W,Y,1475.738,136,95,107,88,31,142,112,-7.679,-8.261,0.88,0,0.169,-305.582,504.546,-106.966,-0.467,-37.003,0,"わだ、、",-0.017,-17.586,0,"레이나2",-20.125,-47.053,0,"k@ster",-17.436,-62.172,96,"Kr_Luna",18.385,-49.027,95,"Yaksok~",8.938,-60.741,102,"AI",40.9,-90.65,0,"AI",0,-109.84,0,"-つる３-",-50.398,-95.034,0,1475.705,0.838,-24.56,1477.222,5,"Yaksok~",5.273,-56.205,1,0,,1487.738,1485.194,,77,2
48,3,1,1,2,0,0,0,0,1,1,255,3,5,20,1517.092,"하루（Haru）",R,0,9,9,2.338,-2.529,0.554,1.818,1.002,1.587,-36.491,71.859,0,100,0,1,1,-33.569,0,-39.056,0.535,-34.025,0,5,1,L,"M_lunatic",190,94.627,0.444,0,82,W,Y,0,0,0,0,0,0,0,0,0,0,0,0,0,0,0,0,-0.572,-37.144,0,"わだ、、",-0.036,-18.229,0,"레이나2",-20.622,-46.656,0,"k@ster",-10.16,-66.358,0,"Kr_Luna",19.743,-47.042,0,"Yaksok~",15.622,-60.21,0,"AI",40.9,-90.65,0,"AI",0,-109.84,0,"-つる３-",-49.637,-97.4,0,0,0,0,0,0,"",0,0,0,0,,,,,0,0
49,3,1,2,2,0,0,0,0,0,1,255,255,3,21,1542.942,"하루（Haru）",R,33,75,113,2.018,-0.063,0.522,1.764,0.677,1.468,-36.491,53.608,35,65,0,1,0,105.715,-96.697,2.411,0,0,0,5,1,L,"M_lunatic",190,94.627,0.444,0,82,W,Y,0,0,0,0,0,0,0,0,0,0,0,0,0,0,0,0,0.021,-36.442,0,"わだ、、",-0.035,-18.155,0,"레이나2",-20.801,-47.022,0,"k@ster",-10.014,-66.307,0,"Kr_Luna",20.504,-43.429,0,"Yaksok~",14.819,-60.325,0,"AI",40.9,-90.65,0,"AI",0,-109.84,0,"-つる３-",-49.729,-97.138,0,0,0,0,0,0,"",0,0,0,0,1544.305,,1545.316,,0,0
50,3,1,2,2,1,0,0,0,0,1,255,255,3,22,1559.844,"하루（Haru）",R,33,81,118,-0.085,-1.189,0.212,1.422,-0.284,0.73,-36.491,27.078,40,60,0,2,0,144.034,-133.205,10.448,0,0,1,5,1,L,"M_lunatic",190,94.627,0.444,3,82,W,Y,1560.96,220,150,122,131,75,145,130,25.726,-43.546,0.49,0,0.679,161.959,167.467,-131.592,-0.677,-36.854,0,"わだ、、",-0.052,-18.259,0,"레이나2",-20.314,-47.242,0,"k@ster",-10.042,-66.402,0,"Kr_Luna",19.801,-46.272,0,"Yaksok~",14.6,-59.326,0,"AI",40.9,-90.65,0,"AI",0,-109.84,0,"-つる３-",-49.704,-97.246,0,1565.605,77.932,-108.797,0,0,"",0,0,0,0,,1571.074,1576.328,1568.424,64,4
51,3,1,4,2,0,0,0,0,0,0,255,255,255,23,1599.777,"하루（Haru）",R,26,77,115,0.355,0.101,0.338,1.755,0.108,1.448,-36.491,34.093,42,58,0,2,0,83.962,-200,22.824,0,0,1,6,0,R,"소솨소솨",190,80,0.498,3,82,W,Y,1600.947,255,185,101,74,58,145,130,14.413,32.672,0.34,0,0.658,74.033,456.552,-21.28,-0.491,-36.693,0,"わだ、、",-0.012,-17.935,0,"레이나2",-20.377,-46.974,0,"k@ster",-17.422,-62.098,78,"Kr_Luna",18.069,-49.177,0,"Yaksok~",10.963,-67.401,0,"AI",40.9,-90.65,0,"AI",0,-109.84,0,"-つる３-",-53.565,-98.524,101,1604.372,-59.986,-97.995,1604.513,8,"-つる３-",-57.153,-94.888,0,0,,,,,88,1
52,3,1,4,2,0,0,1,0,0,0,255,255,255,24,1628.489,"하루（Haru）",R,0,80,130,-2.084,-1.097,0.107,1.621,-0.911,0.911,-36.491,24.441,49,51,0,4,0,0,0,10.706,0,0,1,0,4,R,"인생최패망자",190,80,0.351,0,82,W,Y,0,0,0,0,0,0,0,0,0,0,0,0,0,0,0,0,-0.118,-36.96,0,"わだ、、",0.033,-17.915,0,"레이나2",-20.28,-47.007,0,"k@ster",-17.347,-62.11,0,"Kr_Luna",18.126,-45.703,0,"Yaksok~",15.582,-63.942,0,"AI",40.9,-90.65,0,"AI",0,-109.84,0,"-つる３-",-53.227,-96.565,0,0,0,0,0,0,"",0,0,0,0,1629.738,,,,0,0
53,3,1,4,2,0,1,1,0,0,0,255,255,255,25,1645.914,"하루（Haru）",R,4,70,117,2.448,0.071,0.604,1.848,1.401,1.647,-36.491,68.69,0,100,0,2,0,-209.802,0,7.849,0,0,1,0,4,R,"인생최패망자",190,80,0.351,3,82,W,Y,1647.021,255,172,151,121,77,145,126,98.865,48.834,0.71,0,0.418,91.931,-385.4,329.514,-0.322,-36.626,0,"わだ、、",-0.031,-17.975,0,"레이나2",-20.381,-46.919,0,"k@ster",-17.49,-62.121,0,"Kr_Luna",19.399,-49.297,0,"Yaksok~",16.24,-66.368,0,"AI",40.9,-90.65,0,"AI",0,-109.84,0,"-つる３-",-53.378,-96.654,0,0,0,0,0,0,"",0,0,0,0,,,,,64,3
54,3,1,4,2,0,2,1,0,0,0,255,255,255,26,1670.544,"하루（Haru）",R,5,74,123,-0.139,-1.127,0.32,1.614,0.077,0.89,-36.491,35.881,46,54,0,1,0,-93.561,0,7.293,0,0,0,0,4,R,"인생최패망자",190,80,0.351,0,82,W,Y,0,0,0,0,0,0,0,0,0,0,0,0,0,0,0,0,-0.023,-36.813,0,"わだ、、",-0.054,-17.799,0,"레이나2",-20.677,-44.672,0,"k@ster",-17.153,-62.428,0,"Kr_Luna",20.485,-48.566,0,"Yaksok~",13.934,-65.545,0,"AI",40.9,-90.65,0,"AI",0,-109.84,0,"-つる３-",-52.705,-97.735,0,0,0,0,0,0,"",0,0,0,0,1671.83,,,,0,0
55,3,1,4,2,1,2,1,0,0,0,255,255,255,27,1687.572,"하루（Haru）",R,3,61,105,-0.948,-0.5,0.385,1.743,0.38,1.305,-36.491,70.482,0,100,0,2,0,-415.226,0,12.881,0,0,1,0,4,R,"인생최패망자",190,80,0.351,3,82,W,Y,1688.748,209,122,86,102,82,145,104,7.243,12.325,0.92,0,0.447,58.654,242.076,-10.633,0.147,-36.692,0,"わだ、、",-0.161,-18.012,0,"레이나2",-20.529,-47.165,0,"k@ster",-17.104,-62.373,80,"Kr_Luna",18.847,-49.858,0,"Yaksok~",15.373,-67.447,0,"AI",40.9,-90.65,0,"AI",0,-109.84,0,"-つる３-",-52.714,-97.722,0,1690.43,-11.565,-66.899,1690.647,3,"k@ster",-10.82,-64.162,0,0,,,,,72,1
56,3,1,4,2,0,0,2,0,0,0,255,255,255,28,1719.893,"하루（Haru）",R,27,89,140,-1.91,-1.036,0.089,1.62,-0.995,0.866,-36.491,24.401,41,59,0,2,0,118.865,-128.872,10.016,0,0,1,1,8,R,"SUGUN",179.9,82.092,0.496,3,82,W,Y,1720.851,255,97,89,69,0,145,85,33.128,51.061,0.99,0,0.361,96.447,-190.476,56.189,-0.32,-36.981,0,"わだ、、",-0.147,-18.045,0,"레이나2",-20.722,-46.991,0,"k@ster",-17.31,-62.381,0,"Kr_Luna",17.462,-47.633,0,"Yaksok~",10.662,-68.647,0,"AI",40.9,-90.65,0,"AI",0,-109.84,0,"-つる３-",-52.321,-97.46,0,1724.597,-49.806,-62.307,0,0,"",0,0,0,0,,,,,64,3
57,3,1,4,2,0,1,2,0,0,0,255,255,255,29,1741.276,"하루（Haru）",R,34,81,132,2.572,0.032,0.512,1.817,0.973,1.54,-36.491,47.596,82,18,0,1,0,91.477,-76.242,3.603,0,0,0,1,8,R,"SUGUN",179.9,82.092,0.496,0,82,W,Y,0,0,0,0,0,0,0,0,0,0,0,0,0,0,0,0,0.062,-36.838,0,"わだ、、",-0.02,-17.961,0,"레이나2",-20.719,-45.431,0,"k@ster",-17.214,-62.447,0,"Kr_Luna",17.443,-48.904,0,"Yaksok~",10.532,-68.276,0,"AI",40.9,-90.65,0,"AI",0,-109.84,0,"-つる３-",-51.532,-92.212,0,0,0,0,0,0,"",0,0,0,0,1742.505,,,,0,0
58,3,1,4,2,1,1,2,0,0,0,255,255,255,30,1758.194,"하루（Haru）",R,27,86,139,-0.377,-0.456,0.236,1.72,-0.314,1.207,-36.491,32.126,42,58,0,0,0,105.275,-130.813,8.994,0,0,1,1,8,R,"SUGUN",179.9,82.092,0.496,0,82,W,Y,0,0,0,0,0,0,0,0,0,0,0,0,0,0,0,0,0.092,-36.798,0,"わだ、、",-0.028,-17.958,0,"레이나2",-21.057,-45.093,0,"k@ster",-17.123,-62.544,0,"Kr_Luna",19.636,-47.285,0,"Yaksok~",8.878,-67.582,0,"AI",40.9,-90.65,0,"AI",0,-109.84,0,"-つる３-",-51.6,-92.088,0,0,0,0,0,0,"",0,0,0,0,1759.388,,,,0,0
59,3,1,4,2,1,2,2,0,0,0,255,255,255,31,1775.041,"하루（Haru）",R,5,57,97,0.28,-0.296,0.391,1.759,0.273,1.446,-36.491,67.975,51,49,0,0,0,-76.213,0,6.138,0,0,0,1,8,R,"SUGUN",179.9,82.092,0.496,0,82,W,Y,0,0,0,0,0,0,0,0,0,0,0,0,0,0,0,0,-0.215,-36.827,0,"わだ、、",-0.057,-17.94,0,"레이나2",-20.277,-45.619,0,"k@ster",-17.208,-62.474,0,"Kr_Luna",19.21,-48.014,0,"Yaksok~",6.976,-68.815,0,"AI",40.9,-90.65,0,"AI",0,-109.84,0,"-つる３-",-51.578,-92.246,0,0,0,0,0,0,"",0,0,0,0,1776.605,,,,0,0
60,3,0,4,2,0,0,0,0,0,0,255,255,255,27,1817.751,"소솨소솨",R,34,92,140,-0.571,-0.713,0.122,1.485,-0.363,1.113,-36.543,6.065,44,56,0,0,0,82.037,-58.862,0.64,0,0,0,2,4,L,"Kr_Luna",190,95.256,0.504,0,82,W,Y,0,0,0,0,0,0,0,0,0,0,0,0,0,0,0,0,-0.035,-37.829,0,"M_lunatic",-0.055,-17.166,0,"Penguin_iDOL",-20.744,-48.307,0,"かめかめん",-13.234,-62.758,0,"인생최패망자",17.3,-44.949,0,"Sabo_10",13.534,-63.743,0,"AI",40.9,-90.65,0,"AI",0,-109.84,0,"SUGUN",-45.153,-90.99,0,0,0,0,0,0,"",0,0,0,0,1818.763,,,,0,0
61,3,0,4,2,0,1,0,0,0,0,255,255,255,28,1829.997,"소솨소솨",R,27,80,130,-3.142,-1.009,-0.003,1.449,-0.944,0.998,-36.543,10.421,49,51,0,2,0,15.598,-101.154,1.249,0,0,0,2,4,L,"Kr_Luna",190,95.256,0.504,3,82,W,Y,1830.833,154,69,97,69,44,145,107,28.051,-42.24,0.01,0,0.051,20.61,-22.011,16.292,0.028,-37.104,0,"M_lunatic",-0.078,-17.336,0,"Penguin_iDOL",-20.889,-48.341,0,"かめかめん",-13.273,-62.615,70,"인생최패망자",17.756,-45.287,0,"Sabo_10",13.394,-64.057,0,"AI",40.9,-90.65,0,"AI",0,-109.84,0,"SUGUN",-45.053,-91.497,0,1835.23,63.149,-89.502,1837.338,6,"AI",67.703,-95.874,1,0,,1841.304,,,80,2
62,3,0,4,2,0,0,0,0,1,0,255,14,255,29,1858.518,"소솨소솨",R,33,90,140,1.759,0.572,0.326,1.7,0.588,1.831,-36.543,18.317,48,52,0,2,0,124.653,-88.073,-1.649,0,0,1,3,3,R,"k@ster",168.4,89.756,0.502,0,83,W,Y,1859.482,164,109,78,32,12,137,75,34.063,-29.342,-1,0,0.111,458.117,-384.696,30.909,0.211,-37.664,0,"M_lunatic",0.009,-17.539,0,"Penguin_iDOL",-19.906,-45.496,0,"かめかめん",-11.476,-58.002,0,"인생최패망자",16.089,-44.73,95,"Sabo_10",6.378,-63.213,0,"AI",40.9,-90.65,0,"AI",0,-109.84,0,"SUGUN",-39.729,-87.193,0,1864.305,36.164,-71.099,1864.772,6,"AI",36.473,-71.269,1,0,,1864.907,,,65,2
63,3,0,4,2,0,0,0,1,1,0,13,14,255,30,1886.496,"소솨소솨",R,34,87,140,-0.498,-0.679,0.127,1.51,-0.339,1.156,-36.543,6.069,45,55,0,2,0,87.412,-58.018,-0.153,0,0,0,4,8,L,"-つる３-",175,89.687,0.49,3,40,W,Y,1887.553,255,118,111,115,62,145,125,25.593,-3.125,0.28,0,0.357,375.829,154.02,-4.693,0.133,-37.69,0,"M_lunatic",-0.163,-17.623,120,"Penguin_iDOL",-20.321,-45.296,120,"かめかめん",-10.561,-63.699,0,"인생최패망자",15.815,-42.307,0,"Sabo_10",12.207,-62.704,0,"AI",40.9,-90.65,0,"AI",0,-109.84,0,"SUGUN",-33.357,-83.874,0,1892.739,2.493,-133.921,1893.397,7,"AI",2.466,-133.82,1,0,1901.472,1895.104,1896.275,,108,2
64,3,0,4,2,0,0,0,1,1,1,18,13,14,31,1919.944,"소솨소솨",R,33,86,140,-0.666,-1.008,0.107,1.437,-0.434,0.921,-36.543,7.117,53,47,0,2,0,103.812,-95.197,0.257,0,0,1,5,2,R,"레이나2",180.3,80.118,0.403,3,83,W,Y,1921.065,152,75,88,62,29,145,128,-13.585,-7.472,0.62,0,0.147,366.186,296.996,0.013,-0.016,-37.605,0,"M_lunatic",-0.307,-17.575,0,"Penguin_iDOL",-19.571,-47.54,79,"かめかめん",-10.528,-56.451,0,"인생최패망자",14.59,-43.92,0,"Sabo_10",10.544,-64.114,97,"AI",40.9,-90.65,0,"AI",0,-109.84,0,"SUGUN",-45.689,-93.12,0,1920.955,0.166,-22.692,1922.763,5,"Sabo_10",5.34,-62.234,1,0,,1925.933,1926.603,1925.621,76,2
65,3,0,4,3,0,0,1,1,0,1,12,255,13,32,1947.587,"소솨소솨",R,32,88,140,0.527,-0.056,0.202,1.6,0.01,1.486,-36.543,7.519,47,53,0,2,0,158.107,-104.878,0.896,0,0,1,6,0,L,"하루（Haru）",190,90.172,0.403,3,83,W,Y,1948.708,250,105,70,123,71,145,126,19.145,-19.179,0.71,0,0.265,-80.467,-92.176,-509.665,0.138,-37.743,0,"M_lunatic",-0.075,-17.39,0,"Penguin_iDOL",-19.947,-45.653,0,"かめかめん",-9.516,-62.28,0,"인생최패망자",15.791,-42.355,87,"Sabo_10",11.876,-63.144,0,"AI",40.9,-90.65,0,"AI",0,-109.84,0,"SUGUN",-40.52,-105.845,0,1952.522,36.611,-115.503,1954.855,6,"AI",35.609,-116.941,1,0,,1953.247,1958.399,1954.536,65,2
66,3,0,4,4,0,0,1,0,1,1,255,10,12,33,1991.25,"소솨소솨",R,34,83,135,-1.199,-1.068,0.06,1.444,-0.653,0.916,-36.543,10.456,43,57,0,2,0,91.239,-75.951,-1.029,0,0,1,0,5,R,"Yaksok~",173.3,80,0.332,3,83,W,Y,1992.21,178,139,142,89,19,145,118,-8.751,44.045,0.78,0,0.132,38.81,-34.459,7.191,-0.12,-37.514,0,"M_lunatic",-0.151,-17.39,0,"Penguin_iDOL",-20.312,-46.786,0,"かめかめん",-11.369,-57.022,0,"인생최패망자",14.143,-42.722,0,"Sabo_10",4.393,-63.774,0,"AI",40.904,-90.654,0,"AI",0,-109.844,0,"SUGUN",-46.013,-94.79,0,1992.047,-2.663,-21.397,0,0,"",0,0,0,0,,1998.615,1998.066,,64,3
67,3,0,4,4,0,1,1,0,1,1,255,10,12,34,2008.389,"소솨소솨",R,33,86,139,0.288,0.003,0.189,1.62,-0.05,1.543,-36.543,4.471,43,57,0,2,0,124.631,-63.49,-0.145,0,0,1,0,5,R,"Yaksok~",173.3,80,0.332,3,59,W,Y,2009.311,195,160,65,16,12,129,114,-30,22.979,0.76,0,0.188,-173.784,524.663,-217.802,0.045,-37.471,0,"M_lunatic",-0.124,-17.63,0,"Penguin_iDOL",-20.729,-47.712,0,"かめかめん",-11.864,-57.418,102,"인생최패망자",15.511,-43.243,0,"Sabo_10",4.659,-63.849,0,"AI",40.904,-90.654,0,"AI",0,-109.844,0,"SUGUN",-46.558,-94.446,0,2009.097,-0.546,-20.999,2010.913,3,"かめかめん",-13.871,-51.974,1,32,2013.897,,2014.025,2014.678,112,2
68,3,0,4,4,0,0,2,1,0,1,15,255,10,35,2034.851,"소솨소솨",R,34,85,137,0.892,-0.224,0.262,1.577,0.288,1.413,-36.543,13.163,55,45,0,2,0,66.51,-63.265,-2.385,0,0,1,1,1,L,"わだ、、",190,80,0.498,3,58,W,Y,2035.916,255,163,127,144,83,145,130,108.429,58.848,0.54,0,0.649,220.997,215.695,-85.059,0.14,-37.699,0,"M_lunatic",0.025,-17.51,0,"Penguin_iDOL",-20.87,-47.251,0,"かめかめん",-9.484,-61.92,0,"인생최패망자",16.287,-42.954,0,"Sabo_10",11.917,-63.818,0,"AI",40.904,-90.654,0,"AI",0,-109.845,0,"SUGUN",-44.446,-93.947,0,0,0,0,0,0,"",0,0,0,0,,,2038.822,,64,3
69,3,0,4,4,0,1,2,1,0,1,15,255,10,36,2049.593,"소솨소솨",R,32,89,140,1.296,-0.271,0.271,1.566,0.331,1.376,-36.543,20.256,43,57,0,0,0,167.459,-74.751,-0.44,0.048,-20.137,0,1,1,L,"わだ、、",190,80,0.498,0,58,W,Y,0,0,0,0,0,0,0,0,0,0,0,0,0,0,0,0,0.164,-38.18,0,"M_lunatic",0.242,-17.717,0,"Penguin_iDOL",-21.105,-45.808,0,"かめかめん",-7.464,-62.115,0,"인생최패망자",18.019,-41.816,0,"Sabo_10",10.563,-63.2,0,"AI",40.9,-90.65,0,"AI",0,-109.84,0,"SUGUN",-43.601,-93.737,0,0,0,0,0,0,"",0,0,0,0,2053.63,,,,0,0
70,3,0,4,4,0,2,2,1,0,1,15,255,10,37,2069.209,"소솨소솨",R,28,82,133,-1.992,-0.385,-0.005,1.537,-0.952,1.282,-36.543,1.755,46,54,0,2,0,58.262,-94.405,3.928,0,0,1,1,1,L,"わだ、、",190,80,0.498,3,58,W,Y,2070.323,255,63,123,78,28,145,89,-4.697,-6.218,-0.86,0,0.505,369.51,-192.275,233.53,-0.412,-37.461,120,"M_lunatic",-0.233,-17.176,0,"Penguin_iDOL",-20.41,-46.875,0,"かめかめん",-9.395,-62.779,0,"인생최패망자",16.453,-42.742,0,"Sabo_10",12.164,-63.315,0,"AI",40.904,-90.654,0,"AI",0,-109.845,0,"SUGUN",-43.968,-93.67,0,2070.405,0.437,-26.84,2071.338,0,"소솨소솨",1.287,-37.518,1,64,2074.197,2074.593,,2074.806,98,2
71,4,1,4,4,0,0,0,0,0,0,255,255,255,32,2116.507,"하루（Haru）",R,34,73,124,2.782,0.533,0.536,1.914,1.082,1.862,-36.491,62.947,85,15,0,2,0,73.012,-70.774,2.791,0,0,1,2,2,R,"Penguin_iDOL",190,80,0.25,3,82,W,Y,2117.673,255,193,89,103,66,145,89,55.369,48.122,-0.87,0,0.436,-89.844,-425.639,-66.233,-0.464,-37.303,0,"わだ、、",-0.032,-17.725,0,"레이나2",-20.396,-46.955,0,"k@ster",-16.758,-62.432,0,"Kr_Luna",19.249,-45.927,0,"Yaksok~",10.828,-65.407,86,"AI",40.9,-90.65,0,"AI",0,-109.84,0,"-つる３-",-53.77,-98.971,111,2122.588,-42.134,-67.56,2124.205,8,"-つる３-",-46.253,-71.902,1,0,,,,,81,2
72,4,1,4,4,0,0,0,1,0,0,2,255,255,33,2143.816,"하루（Haru）",R,27,84,136,1.869,0.26,0.446,1.847,0.663,1.641,-36.491,58.291,78,22,0,1,0,99.063,-107.044,1.973,0,0,0,3,5,L,"Sabo_10",174.9,88,0.452,0,82,W,Y,0,0,0,0,0,0,0,0,0,0,0,0,0,0,0,0,-0.044,-36.846,0,"わだ、、",-0.024,-17.769,0,"레이나2",-19.919,-41.46,0,"k@ster",-9.897,-66.303,0,"Kr_Luna",18.616,-47.918,0,"Yaksok~",13.903,-62.308,0,"AI",40.9,-90.65,0,"AI",0,-109.84,0,"-つる３-",-52.168,-100.734,0,0,0,0,0,0,"",0,0,0,0,2144.855,,,,0,0
73,4,1,4,4,1,0,0,1,0,0,2,255,255,34,2159.808,"하루（Haru）",R,3,55,102,2.55,-0.735,0.687,1.679,1.852,1.191,-36.491,90.766,0,100,0,1,0,-379.042,0,9.207,0,0,0,3,5,L,"Sabo_10",174.9,88,0.452,0,82,W,Y,0,0,0,0,0,0,0,0,0,0,0,0,0,0,0,0,-0.429,-36.603,0,"わだ、、",-0.033,-17.734,0,"레이나2",-20.314,-42.06,0,"k@ster",-9.838,-66.192,0,"Kr_Luna",19.84,-48.214,0,"Yaksok~",13.935,-62.289,0,"AI",40.9,-90.65,0,"AI",0,-109.84,0,"-つる３-",-53.975,-99.077,0,0,0,0,0,0,"",0,0,0,0,2160.93,,,,0,0
74,4,1,4,4,2,0,0,1,0,0,2,255,255,35,2174.476,"하루（Haru）",R,27,88,140,-2.29,-1.33,0.066,1.582,-1.101,0.71,-36.491,20.868,49,51,0,1,0,75.028,-126.693,9.247,0,0,0,3,5,L,"Sabo_10",174.9,88,0.452,0,82,W,Y,0,0,0,0,0,0,0,0,0,0,0,0,0,0,0,0,-0.413,-36.626,0,"わだ、、",-0.849,-17.966,0,"레이나2",-20.435,-42.545,0,"k@ster",-9.85,-66.174,0,"Kr_Luna",20.139,-48.024,0,"Yaksok~",13.961,-62.307,0,"AI",40.9,-90.65,0,"AI",0,-109.84,0,"-つる３-",-54.007,-99.184,0,0,0,0,0,0,"",0,0,0,0,2175.38,,,,0,0
75,4,1,4,4,3,0,0,1,0,0,2,255,255,36,2187.822,"하루（Haru）",R,27,74,113,-1.125,-0.526,0.082,1.631,-0.687,1.14,-36.491,23.81,49,51,0,0,0,110.238,-142.07,22.848,0,0,0,3,5,L,"Sabo_10",174.9,88,0.452,0,82,W,Y,0,0,0,0,0,0,0,0,0,0,0,0,0,0,0,0,-0.018,-37.189,0,"わだ、、",-0.041,-17.937,0,"레이나2",-20.876,-42.709,0,"k@ster",-9.295,-66.221,0,"Kr_Luna",20.075,-48.06,0,"Yaksok~",13.926,-62.301,0,"AI",40.9,-90.65,0,"AI",0,-109.84,0,"-つる３-",-53.992,-99.331,0,0,0,0,0,0,"",0,0,0,0,2188.847,,,,0,0
76,4,1,4,4,3,1,0,1,0,0,2,255,255,37,2203.298,"하루（Haru）",R,27,82,133,0.115,0.643,0.291,1.91,-0.057,1.864,-36.491,45.379,84,16,0,2,0,68.505,-101.297,5.266,0,0,1,3,5,L,"Sabo_10",174.9,88,0.452,3,82,W,Y,2204.207,239,77,104,88,24,145,102,114.642,56.561,0.03,0,0.421,155.109,-121.747,10.63,-0.395,-36.57,0,"わだ、、",-0.015,-17.964,0,"레이나2",-19.209,-46.506,0,"k@ster",-10.555,-65.743,0,"Kr_Luna",20.582,-47.942,0,"Yaksok~",13.751,-61.468,0,"AI",40.9,-90.65,0,"AI",0,-109.84,0,"-つる３-",-53.972,-99.243,0,0,0,0,0,0,"",0,0,0,0,,,,,64,3
77,4,1,4,4,3,2,0,1,0,0,2,255,255,38,2221.059,"하루（Haru）",R,3,72,113,-2.081,-0.303,0.271,1.786,-0.149,1.427,-36.491,44.858,62,38,0,2,0,-434.679,0,16.778,0,0,1,3,5,L,"Sabo_10",174.9,88,0.452,3,82,W,Y,2221.989,163,85,54,104,51,136,81,50.564,-1.658,-0.75,0,0.494,361.501,-81.387,-21.507,0.122,-36.612,0,"わだ、、",-0.029,-17.978,0,"레이나2",-19.326,-45.838,74,"k@ster",-11.624,-65.427,102,"Kr_Luna",20.296,-47.965,0,"Yaksok~",13.668,-61.793,0,"AI",40.9,-90.65,0,"AI",0,-109.84,0,"-つる３-",-50.178,-95.938,0,2227.205,2.284,-72.755,2227.372,3,"k@ster",2.184,-71.179,0,0,,,,,104,1
78,4,1,4,4,0,0,1,1,0,0,2,255,255,39,2249.529,"하루（Haru）",R,27,83,135,0.902,0.048,0.363,1.812,0.276,1.52,-36.491,49.815,89,11,0,2,0,74.997,-102.699,3.147,0,0,1,4,3,R,"かめかめん",175.2,91.788,0.572,3,82,W,Y,2250.6,151,56,94,54,20,145,119,-15,33.842,0.18,0,0.154,-108.016,584.45,-82.164,-0.584,-37.297,0,"わだ、、",-0.081,-17.955,0,"레이나2",-19.453,-45.55,0,"k@ster",-16.886,-62.408,0,"Kr_Luna",18.093,-47.704,0,"Yaksok~",9.384,-60.696,0,"AI",40.9,-90.65,0,"AI",0,-109.84,0,"-つる３-",-49.157,-90.117,0,2250.48,-1.889,-22.369,2251.755,2,"레이나2",-16.48,-43.639,0,4,,,,,96,2
79,4,0,4,4,0,0,0,0,0,0,255,255,255,38,2300.167,"소솨소솨",R,33,87,140,1.229,0.07,0.278,1.628,0.361,1.577,-36.543,19.478,49,51,0,0,0,123.232,-89.194,0.646,0,0,0,2,4,L,"Kr_Luna",190,95.256,0.504,0,82,W,Y,0,0,0,0,0,0,0,0,0,0,0,0,0,0,0,0,0.102,-37.853,0,"M_lunatic",0.019,-17.098,0,"Penguin_iDOL",-19.726,-47.52,0,"かめかめん",-11.32,-63.082,0,"인생최패망자",17.419,-44.677,0,"Sabo_10",14.061,-63.646,0,"AI",40.9,-90.65,0,"AI",0,-109.84,0,"SUGUN",-45.656,-92.379,0,0,0,0,0,0,"",0,0,0,0,2301.147,,,,0,0
80,4,0,4,4,0,1,0,0,0,0,255,255,255,39,2313.756,"소솨소솨",R,28,86,139,-1.31,-1.027,0.06,1.42,-0.652,0.904,-36.543,7.713,51,49,0,2,0,57.726,-72.778,1.036,0,0,0,2,4,L,"Kr_Luna",190,95.256,0.504,3,82,W,Y,2314.571,151,147,192,65,16,145,130,-30,-10.973,0.36,0,0.121,-382.489,-246.628,63.567,-0.063,-37.028,0,"M_lunatic",-0.104,-17.329,0,"Penguin_iDOL",-19.645,-47.406,85,"かめかめん",-11.755,-62.679,0,"인생최패망자",17.409,-44.808,0,"Sabo_10",13.856,-63.635,107,"AI",40.9,-90.65,0,"AI",0,-109.84,0,"SUGUN",-45.476,-92.183,0,2314.288,-0.075,-20.712,2316.313,5,"Sabo_10",8.12,-62.643,0,0,,,,,76,2
81,4,0,4,4,0,0,1,0,0,0,255,255,255,40,2344.021,"소솨소솨",R,27,89,140,-2.187,-1.103,0.133,1.52,-0.312,1.175,-36.543,3.702,47,53,0,2,0,88.094,-100.999,-0.978,0,0,1,3,3,R,"k@ster",168.4,89.756,0.502,0,82,W,Y,2344.99,166,144,86,62,14,145,123,13.809,-2.797,0.34,0,0.213,136.987,80.252,26.425,0.056,-37.472,0,"M_lunatic",-0.203,-17.679,0,"Penguin_iDOL",-20.33,-46.403,0,"かめかめん",-11.935,-60.457,80,"인생최패망자",16.344,-44.897,0,"Sabo_10",8.475,-65.803,0,"AI",40.9,-90.65,0,"AI",0,-109.84,0,"SUGUN",-41.985,-86.786,0,2348.647,3.328,-118.391,2353.489,3,"かめかめん",0.015,-59.397,0,0,,,,,80,1
82,4,0,4,4,0,0,2,0,0,0,255,255,255,41,2365.595,"소솨소솨",R,28,75,126,-1.252,-0.968,0.089,1.456,-0.515,0.966,-36.543,8.331,47,53,0,2,0,-21.677,-71.363,2.239,0,0,1,4,8,L,"-つる３-",175,89.687,0.49,3,82,W,Y,2366.712,255,105,104,86,64,145,123,28.73,20.544,0.73,0,0.22,-210.532,-394.798,-239.238,-0.107,-37.649,0,"M_lunatic",-0.154,-17.279,0,"Penguin_iDOL",-20.614,-45.757,0,"かめかめん",-11.539,-62.698,0,"인생최패망자",15.805,-43.429,0,"Sabo_10",12.765,-63.607,92,"AI",40.9,-90.65,0,"AI",0,-109.84,0,"SUGUN",-40.897,-90.223,0,2371.213,-25.875,-121.72,2373.255,7,"AI",-23.102,-127.436,1,0,,2376.387,,,72,2
83,4,0,4,4,0,0,2,0,1,0,255,18,255,42,2392.641,"소솨소솨",R,33,92,140,-0.845,-0.582,0.088,1.512,-0.521,1.177,-36.543,3.528,46,54,0,2,0,111.278,-91.361,-0.085,0,0,1,5,2,R,"레이나2",180.3,80.118,0.403,3,71,W,Y,2393.773,255,82,105,77,33,145,128,109.889,-7.589,0.59,0,0.097,394.429,157.83,183.574,-0.115,-37.781,0,"M_lunatic",-0.362,-17.703,0,"Penguin_iDOL",-20.243,-47.126,0,"かめかめん",-12.284,-61.255,0,"인생최패망자",16.229,-44.585,0,"Sabo_10",4.134,-62.343,0,"AI",40.9,-90.65,0,"AI",0,-109.84,0,"SUGUN",-45.834,-93.31,0,0,0,0,0,0,"",0,0,0,0,,2396.866,,,64,3
84,4,0,4,4,0,1,2,0,1,0,255,18,255,43,2408.198,"소솨소솨",R,27,87,140,0.826,0.902,0.242,1.76,0.193,2.022,-36.543,13.844,48,52,0,2,0,118.009,-132.096,3.169,0,0,1,5,2,R,"레이나2",180.3,80.118,0.403,3,71,W,Y,2409.312,168,26,79,40,16,138,83,-4.709,-40.353,-0.83,0,0.137,572.359,35.792,-167.001,-0.045,-37.628,0,"M_lunatic",0.045,-17.314,0,"Penguin_iDOL",-20.51,-46.268,0,"かめかめん",-12.418,-61.347,0,"인생최패망자",16.77,-44.879,104,"Sabo_10",4.712,-62.357,0,"AI",40.9,-90.65,0,"AI",0,-109.84,0,"SUGUN",-44.163,-93.357,119,2409.605,7.636,-29.089,2410.78,4,"인생최패망자",17.617,-39.894,1,0,,2413.673,2420.096,,67,2
85,4,0,4,4,0,0,2,1,0,1,12,255,18,44,2441.601,"소솨소솨",R,28,83,135,-1.153,-0.441,0.077,1.53,-0.574,1.259,-36.543,3.871,55,45,0,2,0,48.966,-82.815,2.298,0,0,1,6,0,L,"하루（Haru）",190,90.172,0.403,3,82,W,Y,2442.763,242,98,93,66,47,145,130,25.574,28.598,0.42,0,0.321,-335.124,-130.635,140.961,-0.109,-37.701,0,"M_lunatic",-0.294,-17.465,0,"Penguin_iDOL",-20.429,-46.669,0,"かめかめん",-9.674,-62.951,0,"인생최패망자",15.772,-43.138,0,"Sabo_10",12.545,-62.253,0,"AI",40.9,-90.65,0,"AI",0,-109.84,0,"SUGUN",-44.517,-91.978,102,2446.897,-48.646,-116.443,2448.68,8,"SUGUN",-46.098,-112.454,1,64,,2447.842,2453.125,2447.455,74,2
86,5,1,4,5,0,0,0,0,0,0,255,255,255,40,2489.875,"하루（Haru）",R,33,79,129,2.233,0.32,0.476,1.874,0.806,1.73,-36.491,51.3,82,18,0,1,0,102.728,-73.684,3.136,0,0,0,5,1,L,"M_lunatic",190,94.627,0.444,0,82,W,Y,0,0,0,0,0,0,0,0,0,0,0,0,0,0,0,0,0.112,-36.899,0,"わだ、、",0.118,-17.716,0,"레이나2",-19.853,-47.43,0,"k@ster",-11.06,-65.79,0,"Kr_Luna",18.781,-47.303,0,"Yaksok~",15.937,-63.087,0,"AI",40.9,-90.65,0,"AI",0,-109.84,0,"-つる３-",-46.627,-94.882,0,0,0,0,0,0,"",0,0,0,0,2491.138,,,,0,0
87,5,1,4,5,1,0,0,0,0,0,255,255,255,41,2507.525,"하루（Haru）",R,27,87,140,-2.996,-0.966,0.004,1.609,-1.391,0.871,-36.491,17.716,41,59,0,1,0,63.276,-147.439,18.075,0,0,0,5,1,L,"M_lunatic",190,94.627,0.444,0,82,W,Y,0,0,0,0,0,0,0,0,0,0,0,0,0,0,0,0,-0.486,-36.796,0,"わだ、、",-0.293,-17.726,0,"레이나2",-19.731,-47.51,0,"k@ster",-11.061,-65.829,0,"Kr_Luna",19.884,-47.696,0,"Yaksok~",16.025,-63.581,0,"AI",40.9,-90.65,0,"AI",0,-109.84,0,"-つる３-",-46.547,-94.81,0,0,0,0,0,0,"",0,0,0,0,2508.772,,,,0,0
88,5,1,4,5,2,0,0,0,0,0,255,255,255,42,2525.818,"하루（Haru）",R,26,83,135,-1.959,-0.186,0.097,1.753,-0.958,1.339,-36.491,13.854,43,57,0,2,0,74.529,-164.514,29.245,0,0,1,5,1,L,"M_lunatic",190,94.627,0.444,3,82,W,Y,2526.846,214,102,106,84,41,145,96,33.851,4.391,-0.54,0,0.505,125.45,70.422,2.398,-0.095,-36.801,0,"わだ、、",-0.056,-17.914,0,"레이나2",-19.72,-47.354,0,"k@ster",-11.036,-65.72,0,"Kr_Luna",19.551,-48.372,0,"Yaksok~",17.21,-65.667,0,"AI",40.9,-90.65,0,"AI",0,-109.84,0,"-つる３-",-46.58,-94.743,0,2531.688,-7.505,-97.402,2536.472,0,"하루（Haru）",3.263,-43.023,0,0,,,,,64,1
89,5,1,4,5,0,0,1,0,0,0,255,255,255,43,2553.743,"하루（Haru）",R,3,61,106,-3.712,-0.888,0.126,1.667,-0.825,1.062,-36.491,19.383,0,100,0,4,0,-415.312,0,0,0,0,1,6,0,R,"소솨소솨",190,80,0.498,0,82,W,Y,0,0,0,0,0,0,0,0,0,0,0,0,0,0,0,0,-0.058,-37.09,0,"わだ、、",0.021,-17.804,0,"레이나2",-20.574,-47.226,0,"k@ster",-16.857,-62.181,0,"Kr_Luna",18.116,-48.502,0,"Yaksok~",9.672,-67.17,0,"AI",40.9,-90.65,0,"AI",0,-109.84,0,"-つる３-",-55.259,-99.473,0,0,0,0,0,0,"",0,0,0,0,2555.13,,,,0,0
90,5,1,4,5,0,1,1,0,0,0,255,255,255,44,2570.7,"하루（Haru）",R,3,57,105,-0.286,-1.012,0.412,1.644,0.508,0.984,-36.491,48.743,0,100,0,2,0,-333.283,0,0,0,0,1,6,0,R,"소솨소솨",190,80,0.498,3,82,W,Y,2571.873,248,130,95,56,69,145,112,-0.564,-14.842,0.91,0,0.459,-137.112,278.09,-116.634,0.098,-36.747,0,"わだ、、",0.013,-17.888,0,"레이나2",-20.648,-46.776,79,"k@ster",-16.877,-62.128,0,"Kr_Luna",16.283,-50.341,0,"Yaksok~",10.423,-68.689,106,"AI",40.9,-90.65,0,"AI",0,-109.84,0,"-つる３-",-55.244,-99.455,0,2572.155,2.993,-32.49,2573.655,5,"Yaksok~",11.361,-62.654,0,0,,,,,97,2
91,5,1,4,5,0,0,2,0,0,0,255,255,255,45,2597.214,"하루（Haru）",R,3,63,106,-2.557,-0.367,0.238,1.768,-0.303,1.387,-36.491,36.376,0,100,0,1,0,-427.477,0,0,0,0,0,0,4,R,"인생최패망자",190,80,0.351,0,82,W,Y,0,0,0,0,0,0,0,0,0,0,0,0,0,0,0,0,-0.289,-37.178,0,"わだ、、",-0.196,-17.87,0,"레이나2",-20.305,-47.241,0,"k@ster",-17.081,-62.334,0,"Kr_Luna",17.257,-46.27,0,"Yaksok~",15.361,-65.513,0,"AI",40.9,-90.65,0,"AI",0,-109.84,0,"-つる３-",-56.871,-95.211,0,0,0,0,0,0,"",0,0,0,0,2598.53,,,,0,0
92,5,1,4,5,1,0,2,0,0,0,255,255,255,46,2615.203,"하루（Haru）",R,27,84,136,1.357,-0.54,0.397,1.695,0.437,1.152,-36.491,40.335,90,10,0,2,0,101.801,-127.115,0,0,0,1,0,4,R,"인생최패망자",190,80,0.351,3,82,W,Y,2616.228,255,195,155,146,72,145,93,12.824,-44.715,0.97,0,0.416,45.721,501.274,274.712,0.374,-36.799,0,"わだ、、",-0.067,-17.787,0,"레이나2",-20.459,-46.923,0,"k@ster",-17.121,-62.4,69,"Kr_Luna",17.628,-46.946,0,"Yaksok~",15.809,-66.65,0,"AI",40.9,-90.65,0,"AI",0,-109.84,0,"-つる３-",-56.918,-95.264,0,2618.347,33.39,-59.541,2620.672,6,"AI",47.097,-81.119,1,0,,,,,72,2
93,5,1,4,5,0,0,2,1,0,0,4,255,255,47,2644.04,"하루（Haru）",R,28,76,127,-0.884,-0.418,0.207,1.735,-0.447,1.258,-36.491,31.642,52,48,0,0,0,36.348,-86.59,0,0,0,1,1,8,R,"SUGUN",179.9,82.092,0.496,0,82,W,Y,0,0,0,0,0,0,0,0,0,0,0,0,0,0,0,0,-0.785,-36.805,0,"わだ、、",0.009,-18.043,0,"레이나2",-20.489,-43.479,0,"k@ster",-17.21,-62.471,0,"Kr_Luna",19.263,-49.842,0,"Yaksok~",6.048,-61.721,0,"AI",40.9,-90.65,0,"AI",0,-109.84,0,"-つる３-",-49.654,-94.64,0,0,0,0,0,0,"",0,0,0,0,2645.147,,,,0,0
94,5,1,4,5,0,1,2,1,0,0,4,255,255,48,2663.05,"하루（Haru）",R,27,88,140,-0.663,-0.99,0.222,1.625,-0.376,0.882,-36.491,33.374,52,48,0,2,0,59.575,-141.378,0,0,0,1,1,8,R,"SUGUN",179.9,82.092,0.496,3,82,W,Y,2664.101,252,204,116,91,25,145,127,27.461,42.505,0.39,0,0.373,125.412,-369.364,-18.485,0.08,-36.794,0,"わだ、、",-0.019,-18.061,0,"레이나2",-19.423,-45.977,0,"k@ster",-17.176,-62.401,0,"Kr_Luna",19.381,-49.627,0,"Yaksok~",9.651,-62.009,0,"AI",40.9,-90.65,0,"AI",0,-109.84,0,"-つる３-",-49.667,-94.642,0,2668.78,-69.916,-109.673,0,0,"",0,0,0,0,,2668.244,2673.117,2678.09,64,4
95,5,1,6,5,0,0,2,0,0,0,255,255,255,49,2706.615,"하루（Haru）",R,10,79,119,-0.909,-1.736,0.217,1.641,-0.402,0.976,-36.491,27.03,43,57,0,2,0,0,400,0,0,0,1,2,2,R,"Penguin_iDOL",190,80,0.25,3,82,W,Y,2707.754,255,156,131,103,72,145,130,25.018,13.037,0.61,0,0.48,-19.434,190.917,211.661,-0.192,-36.865,0,"わだ、、",-0.05,-17.877,0,"레이나2",-20.343,-46.799,0,"k@ster",-17.007,-62.108,0,"Kr_Luna",19.478,-46.99,0,"Yaksok~",12.708,-67.893,85,"AI",40.9,-90.65,0,"AI",0,-109.84,0,"-つる３-",-55.805,-95.127,0,2712.272,-31.777,-128.367,2714.739,7,"AI",-28.633,-123.002,1,0,,2718.178,,,65,2
96,5,1,6,5,0,0,2,0,1,0,255,2,255,50,2741.052,"하루（Haru）",R,0,75,126,0.763,0.502,0.374,1.914,0.329,1.877,-36.491,52.748,89,11,0,2,0,-5.312,0,0,0,0,1,3,5,L,"Sabo_10",174.9,88,0.452,3,82,W,Y,2741.959,255,88,90,104,48,145,126,110.894,54.079,0.33,0,0.508,162.743,157.199,-37.007,-0.24,-36.71,0,"わだ、、",-0.002,-18.053,0,"레이나2",-20.447,-47.187,0,"k@ster",-10.852,-65.654,0,"Kr_Luna",19.808,-46.417,0,"Yaksok~",17.293,-64.113,0,"AI",40.9,-90.65,0,"AI",0,-109.84,0,"-つる３-",-43.904,-92.843,0,0,0,0,0,0,"",0,0,0,0,,2744.613,,,64,3
97,5,1,6,5,0,1,2,0,1,0,255,2,255,51,2760.558,"하루（Haru）",R,26,80,130,1.168,-1.138,0.108,1.665,-0.906,1.002,-36.491,22.048,48,52,0,2,0,54.584,-160.518,0,0,0,1,3,5,L,"Sabo_10",174.9,88,0.452,3,82,W,Y,2761.441,223,104,97,80,22,145,126,19.333,-20.856,0.28,0,0.471,15.65,-388.86,-16.384,-0.451,-36.813,0,"わだ、、",-0.356,-18.033,0,"레이나2",-20.395,-47.256,0,"k@ster",-12.384,-65.042,67,"Kr_Luna",19.604,-47.293,0,"Yaksok~",18.185,-64.23,0,"AI",40.9,-90.65,0,"AI",0,-109.84,0,"-つる３-",-45.821,-90.952,0,2765.83,48.547,-119.84,2767.205,6,"AI",46.634,-114.676,1,0,,2771.257,2766.508,2771.199,72,2
98,5,1,7,5,0,0,2,0,1,0,255,5,255,52,2797.217,"하루（Haru）",R,10,12,65,-0.802,-0.929,0.189,1.724,-0.355,1.357,-36.491,55.19,0,100,0,2,0,0,400,-37.997,0,0,1,4,3,R,"かめかめん",175.2,91.788,0.572,3,82,W,Y,2798.774,155,107,97,125,74,145,88,-30,62.611,0.97,0,0.247,86.398,-242.766,-65.028,-0.128,-36.665,0,"わだ、、",-0.053,-18.031,0,"레이나2",-20.563,-46.754,0,"k@ster",-17.294,-62.419,0,"Kr_Luna",17.938,-46.356,0,"Yaksok~",12.672,-63.709,0,"AI",40.9,-90.65,0,"AI",0,-109.84,0,"-つる３-",-49.337,-92.902,0,2798.647,-2.166,-21.7,0,0,"",0,0,0,0,,2802.898,,,64,3
99,5,1,7,5,0,1,2,0,1,0,255,5,255,53,2821.118,"하루（Haru）",R,13,21,70,-1.692,0.378,0.261,2.221,-0.1,2.566,-36.491,86.506,100,0,0,2,0,-232.804,340.831,-64.488,0,0,1,4,3,R,"かめかめん",175.2,91.788,0.572,3,82,W,Y,2822.616,192,88,91,68,50,145,95,30.631,-36.177,0.94,0,0.215,-195,414.543,115.442,-0.045,-36.435,0,"わだ、、",-0.041,-18.014,0,"레이나2",-20.614,-46.841,0,"k@ster",-16.81,-62.239,0,"Kr_Luna",20.246,-46.618,0,"Yaksok~",12.686,-65.789,0,"AI",40.9,-90.65,0,"AI",0,-109.84,0,"-つる３-",-50.54,-94.836,0,2827.055,39.527,-90.185,0,0,"",0,0,0,0,,,2826.992,,64,1
100,5,0,7,5,0,0,0,0,0,0,255,255,255,45,2874.736,"소솨소솨",R,33,86,140,2.621,0.825,0.406,1.749,0.96,2,-36.543,19.532,87,13,0,1,0,125.389,-76.818,1.654,0,0,0,0,5,R,"Yaksok~",173.3,80,0.332,0,82,W,Y,0,0,0,0,0,0,0,0,0,0,0,0,0,0,0,0,0.159,-37.783,0,"M_lunatic",0.053,-17.043,0,"Penguin_iDOL",-21.356,-48.186,0,"かめかめん",-13.46,-61.687,0,"인생최패망자",17.181,-46.187,0,"Sabo_10",7.392,-65.507,0,"AI",40.9,-90.65,0,"AI",0,-109.84,0,"SUGUN",-44.464,-92.523,0,0,0,0,0,0,"",0,0,0,0,2875.805,,,,0,0
101,5,0,7,5,0,1,0,0,0,0,255,255,255,46,2889.605,"소솨소솨",R,27,86,139,-0.621,-0.627,0.11,1.507,-0.416,1.141,-36.543,5.89,48,52,0,0,0,104.558,-108.026,4.212,0,0,0,0,5,R,"Yaksok~",173.3,80,0.332,0,82,W,Y,0,0,0,0,0,0,0,0,0,0,0,0,0,0,0,0,0.007,-37.742,0,"M_lunatic",-0.145,-17.297,0,"Penguin_iDOL",-21.366,-48.243,0,"かめかめん",-13.442,-61.642,0,"인생최패망자",15.771,-45.896,0,"Sabo_10",6.083,-64.245,0,"AI",40.9,-90.65,0,"AI",0,-109.84,0,"SUGUN",-44.436,-92.471,0,0,0,0,0,0,"",0,0,0,0,2890.655,,,,0,0
102,5,0,7,5,0,2,0,0,0,0,255,255,255,47,2905.613,"소솨소솨",R,26,74,126,0.05,-1.158,0.198,1.391,-0.009,0.729,-36.543,12.404,53,47,0,2,0,15.704,-200,10.095,0,0,0,0,5,R,"Yaksok~",173.3,80,0.332,3,82,W,Y,2906.607,149,132,69,86,15,140,112,-9.799,2.16,0.85,0,0.255,-189.527,524.415,-221.513,-0.003,-37.587,0,"M_lunatic",-0.19,-17.603,0,"Penguin_iDOL",-21.182,-47.993,0,"かめかめん",-13.469,-61.764,0,"인생최패망자",15.177,-45.005,0,"Sabo_10",6.682,-64.838,0,"AI",40.9,-90.65,0,"AI",0,-109.84,0,"SUGUN",-45.924,-93.619,0,2906.397,-0.229,-22.109,2910.013,7,"AI",-2.372,-95.361,1,0,,,,,68,2
103,5,0,7,5,0,0,0,1,0,0,15,255,255,48,2928.671,"소솨소솨",R,33,91,140,-0.728,-0.388,0.101,1.541,-0.462,1.297,-36.543,5.099,42,58,0,2,0,104.97,-81.953,0.184,0,0,1,1,1,L,"わだ、、",190,80,0.498,3,58,W,Y,2929.751,255,123,166,123,47,145,130,90.455,88.33,0.51,0,0.502,272.005,-86.59,-98.912,0.079,-37.94,0,"M_lunatic",-0.222,-17.47,0,"Penguin_iDOL",-19.257,-44.139,0,"かめかめん",-10.322,-63.056,0,"인생최패망자",17.295,-44.758,0,"Sabo_10",13.324,-65.473,0,"AI",40.9,-90.65,0,"AI",0,-109.84,0,"SUGUN",-44.88,-94.565,0,0,0,0,0,0,"",0,0,0,0,,,,,64,3
104,5,0,7,5,0,1,0,1,0,0,15,255,255,49,2945.147,"소솨소솨",R,27,77,127,-1.081,-0.31,0.083,1.539,-0.546,1.289,-36.543,4.69,43,57,0,0,0,47.368,-131.283,4.045,0,0,1,1,1,L,"わだ、、",190,80,0.498,0,58,W,Y,0,0,0,0,0,0,0,0,0,0,0,0,0,0,0,0,-0.223,-37.941,0,"M_lunatic",-0.14,-17.748,0,"Penguin_iDOL",-20.362,-43.168,0,"かめかめん",-7.627,-62.921,0,"인생최패망자",16.105,-43.353,0,"Sabo_10",13.57,-65.296,0,"AI",40.9,-90.65,0,"AI",0,-109.84,0,"SUGUN",-43.654,-93.733,0,0,0,0,0,0,"",0,0,0,0,2946.397,,,,0,0
105,5,0,7,5,0,2,0,1,0,0,15,255,255,50,2960.873,"소솨소솨",R,3,73,102,-1.537,-0.226,0.241,1.679,0.128,1.713,-36.543,13.413,55,45,0,2,0,-368.497,109.23,-2.666,0,0,1,1,1,L,"わだ、、",190,80,0.498,3,58,W,Y,2962.074,255,112,79,79,70,145,92,53.829,-35.265,-0.73,0,0.581,474.223,-278.494,-111.022,-0.005,-37.71,0,"M_lunatic",-0.076,-17.297,0,"Penguin_iDOL",-20.366,-45.636,0,"かめかめん",-10.179,-63.143,71,"인생최패망자",17.429,-44.928,0,"Sabo_10",14.337,-67.355,0,"AI",40.9,-90.65,0,"AI",0,-109.84,0,"SUGUN",-43.491,-93.648,0,2967.63,42.17,-67.863,2971.947,3,"かめかめん",1.597,-59.515,0,0,,,,,80,1
106,5,0,7,5,0,0,1,1,0,0,15,255,255,51,2986.954,"소솨소솨",R,34,90,140,-1.011,-0.877,0.077,1.454,-0.572,1.014,-36.543,4.686,46,54,0,0,0,96.08,-54.689,-4.923,0,0,0,2,4,L,"Kr_Luna",190,95.256,0.504,0,82,W,Y,0,0,0,0,0,0,0,0,0,0,0,0,0,0,0,0,-0.114,-37.799,0,"M_lunatic",-0.142,-17.356,0,"Penguin_iDOL",-18.776,-45.137,0,"かめかめん",-9.686,-62.667,0,"인생최패망자",24.817,-52.913,0,"Sabo_10",16.525,-62.194,0,"AI",40.9,-90.65,0,"AI",0,-109.84,0,"SUGUN",11.422,-108.495,0,0,0,0,0,0,"",0,0,0,0,2987.897,,,,0,0
107,5,0,7,5,0,1,1,1,0,0,15,255,255,52,3002.024,"소솨소솨",R,34,88,140,-0.065,-0.671,0.167,1.488,-0.153,1.124,-36.543,4.513,38,62,0,0,0,88.772,-76.759,3.675,0,0,0,2,4,L,"Kr_Luna",190,95.256,0.504,0,82,W,Y,0,0,0,0,0,0,0,0,0,0,0,0,0,0,0,0,0.034,-37.84,0,"M_lunatic",-0.034,-17.044,0,"Penguin_iDOL",-18.898,-45.153,0,"かめかめん",-8.618,-62.74,0,"인생최패망자",24.596,-52.65,0,"Sabo_10",15.339,-62.63,0,"AI",40.9,-90.65,0,"AI",0,-109.84,0,"SUGUN",28.295,-119.839,0,0,0,0,0,0,"",0,0,0,0,3002.98,,,,0,0
108,5,0,7,5,0,2,1,1,0,0,15,255,255,53,3016.619,"소솨소솨",R,34,88,140,-4.195,-2.014,-0.007,1.45,-1.8,0.439,-36.543,12.422,38,62,0,3,0,71.232,-67.135,0.926,-0.246,-20.598,0,2,4,L,"Kr_Luna",190,95.256,0.504,0,82,W,Y,0,0,0,0,0,0,0,0,0,0,0,0,0,0,0,0,-0.184,-37.441,0,"M_lunatic",-0.321,-17.456,0,"Penguin_iDOL",-18.912,-44.893,0,"かめかめん",-9.651,-63.172,0,"인생최패망자",24.586,-52.636,0,"Sabo_10",16.392,-62.608,0,"AI",40.9,-90.65,0,"AI",0,-109.84,0,"SUGUN",28.407,-120.008,0,0,0,0,0,0,"",0,0,0,0,3022.188,,,,0,6
109,5,0,7,5,0,0,1,1,1,0,14,15,255,54,3047.794,"소솨소솨",R,32,85,138,0.187,-0.071,0.171,1.594,-0.137,1.443,-36.543,9.911,32,68,0,2,0,155.055,-118.632,-0.784,0,0,1,3,3,R,"k@ster",168.4,89.756,0.502,0,82,W,Y,3048.716,167,110,81,45,12,139,115,25.383,37.956,0.24,0,0.094,270.657,185.971,-204.48,0,-37.73,0,"M_lunatic",-0.185,-17.26,0,"Penguin_iDOL",-18.714,-45.404,0,"かめかめん",-11.791,-59.766,0,"인생최패망자",16.014,-45.11,76,"Sabo_10",1.829,-59.908,0,"AI",40.9,-90.65,0,"AI",0,-109.84,0,"SUGUN",-38.543,-86.973,118,3053.522,-67.287,-99.216,3055.605,8,"SUGUN",-64.106,-98.097,1,0,,3053.42,3054.807,3059.712,67,2
110,5,0,7,6,0,0,1,1,0,1,13,255,14,55,3078.399,"소솨소솨",R,34,83,134,-0.294,0.318,0.153,1.675,-0.221,1.738,-36.543,7.763,43,57,0,2,0,61.504,-46.79,1.808,0,0,1,4,8,L,"-つる３-",175,89.687,0.49,3,82,W,Y,3079.505,223,74,119,68,54,145,103,-29.522,-39.838,0.04,0,0.26,-251.508,-544.181,-24.71,-0.102,-37.651,0,"M_lunatic",-0.137,-17.58,0,"Penguin_iDOL",-19.713,-46.062,0,"かめかめん",-10.726,-61.57,85,"인생최패망자",16.233,-42.47,96,"Sabo_10",12.839,-63.24,102,"AI",40.9,-90.65,0,"AI",0,-109.84,0,"SUGUN",-45.043,-91.037,0,3079.347,1.342,-21.094,3080.672,4,"인생최패망자",15.753,-38.142,1,4,3083.355,3084.268,,,121,2
111,5,0,7,6,0,0,2,1,1,0,18,13,255,56,3113.895,"소솨소솨",R,33,82,133,2.758,1.586,0.419,1.886,1.016,2.453,-36.543,26.831,80,20,0,4,0,119.987,-96.985,-0.599,0,0,1,5,2,R,"레이나2",180.3,80.118,0.403,0,82,W,Y,0,0,0,0,0,0,0,0,0,0,0,0,0,0,0,0,0.343,-38.23,0,"M_lunatic",0.019,-17.156,0,"Penguin_iDOL",-20.186,-46.008,0,"かめかめん",-10.184,-61.961,0,"인생최패망자",18.636,-41.347,0,"Sabo_10",5.816,-61.334,0,"AI",40.902,-90.652,0,"AI",0,-109.843,0,"SUGUN",-45.518,-93.179,0,0,0,0,0,0,"",0,0,0,0,3115.164,3116.567,,,0,0
112,5,0,7,6,0,1,2,1,1,0,18,13,255,57,3128.493,"소솨소솨",R,5,54,107,1.637,0.715,0.395,1.766,0.906,2.043,-36.543,19.378,48,52,0,2,0,-107.694,0,-0.001,0,0,1,5,2,R,"레이나2",180.3,80.118,0.403,3,70,W,Y,3129.666,235,150,121,91,41,145,97,95.925,-77.675,0.94,0,0.177,-344.439,294.986,-180.916,0.154,-37.803,0,"M_lunatic",0.064,-17.716,0,"Penguin_iDOL",-20.155,-45.94,0,"かめかめん",-12.683,-61.585,0,"인생최패망자",16.796,-45.063,0,"Sabo_10",5.987,-61.018,0,"AI",40.905,-90.654,0,"AI",0,-109.845,0,"SUGUN",-42.6,-93.5,0,0,0,0,0,0,"",0,0,0,0,,3134.354,,,64,3
113,5,0,7,6,0,2,2,1,1,0,18,13,255,58,3143.935,"소솨소솨",R,4,56,94,-4.642,-1.233,0.002,1.523,-1.591,0.897,-36.543,11.825,45,55,0,4,0,-191.559,0,-3.193,0,0,1,5,2,R,"레이나2",180.3,80.118,0.403,0,70,W,Y,0,0,0,0,0,0,0,0,0,0,0,0,0,0,0,0,-0.228,-38.177,0,"M_lunatic",-0.204,-17.466,0,"Penguin_iDOL",-20.111,-46.024,0,"かめかめん",-13.811,-60.942,0,"인생최패망자",16.611,-42.85,0,"Sabo_10",0.826,-61.026,0,"AI",40.903,-90.652,0,"AI",0,-109.843,0,"SUGUN",-56.334,-102.336,0,0,0,0,0,0,"",0,0,0,0,3145.463,3146.937,,,0,0
114,6,1,7,6,0,0,0,0,0,0,255,255,255,54,3205.447,"하루（Haru）",R,41,56,98,0.897,-0.43,0.382,1.677,0.245,1.281,-36.491,55.56,52,48,0,0,0,63.188,-63.239,2.537,0,0,0,5,1,L,"M_lunatic",190,94.627,0.444,0,82,W,Y,0,0,0,0,0,0,0,0,0,0,0,0,0,0,0,0,-0.526,-37.25,0,"わだ、、",0.112,-18.032,0,"레이나2",-20.663,-47.152,0,"k@ster",-11.931,-65.568,0,"Kr_Luna",19.633,-46.53,0,"Yaksok~",15.499,-64.025,0,"AI",40.9,-90.65,0,"AI",0,-109.84,0,"-つる３-",-45.777,-92.333,0,0,0,0,0,0,"",0,0,0,0,3206.763,,,,0,0
115,6,1,7,6,0,1,0,0,0,0,255,255,255,55,3226.516,"하루（Haru）",R,3,58,104,0.516,-1.091,0.523,1.588,0.949,0.938,-36.491,80.451,0,100,0,2,0,-377.282,0,11.977,0,0,1,5,1,L,"M_lunatic",190,94.627,0.444,3,82,W,Y,3227.644,136,159,70,136,95,138,123,-20.73,-41.243,0.73,0,0.81,123.478,319.149,83.428,-0.024,-36.66,0,"わだ、、",0.05,-18.073,0,"레이나2",-20.24,-47.177,85,"k@ster",-11.921,-65.54,0,"Kr_Luna",19.347,-45.786,119,"Yaksok~",16.313,-66.251,0,"AI",40.9,-90.65,0,"AI",0,-109.84,0,"-つる３-",-45.862,-92.201,0,3227.489,1.598,-23.061,3228.622,4,"Kr_Luna",19.063,-42.777,0,0,,,,,100,2
116,6,1,7,6,0,0,1,0,0,0,255,255,255,56,3254.386,"하루（Haru）",R,28,60,101,2.236,0.386,0.583,1.901,0.867,1.764,-36.491,58.459,77,23,0,2,0,43.958,-83.336,7.903,0,0,1,6,0,R,"소솨소솨",190,80,0.498,3,82,W,Y,3255.586,193,164,75,116,40,145,95,9.596,25.996,-0.58,0,0.587,247.716,-107.682,81.026,0.02,-36.634,0,"わだ、、",-0.049,-18.008,0,"레이나2",-20.416,-46.9,0,"k@ster",-17.286,-62.228,73,"Kr_Luna",15.799,-49.665,0,"Yaksok~",11.337,-67.718,0,"AI",40.9,-90.65,0,"AI",0,-109.84,0,"-つる３-",-54.275,-97.065,0,0,0,0,3257.539,3,"k@ster",-17.546,-57.505,0,0,,,,,72,1
117,6,1,7,6,0,0,2,0,0,0,255,255,255,57,3279.967,"하루（Haru）",R,26,73,125,1.041,-0.332,0.376,1.721,0.336,1.235,-36.491,34.446,43,57,0,0,0,68.203,-161.764,12.023,0,0,0,0,4,R,"인생최패망자",190,80,0.351,0,82,W,Y,0,0,0,0,0,0,0,0,0,0,0,0,0,0,0,0,0.11,-37.089,0,"わだ、、",0.087,-17.867,0,"레이나2",-20.646,-47.29,0,"k@ster",-17.145,-62.315,0,"Kr_Luna",19.977,-48.59,0,"Yaksok~",13.002,-65.04,0,"AI",40.9,-90.65,0,"AI",0,-109.84,0,"-つる３-",-58.004,-100.807,0,0,0,0,0,0,"",0,0,0,0,3281.088,,,,0,0
118,6,1,7,6,0,1,2,0,0,0,255,255,255,58,3297.424,"하루（Haru）",R,33,73,125,1.109,-0.081,0.356,1.794,0.247,1.47,-36.491,32.482,0,100,0,0,0,145.837,-78.929,14.289,0,0,0,0,4,R,"인생최패망자",190,80,0.351,0,82,W,Y,0,0,0,0,0,0,0,0,0,0,0,0,0,0,0,0,-0.174,-36.736,0,"わだ、、",0.016,-17.893,0,"레이나2",-20.723,-47.304,0,"k@ster",-17.146,-62.269,0,"Kr_Luna",19.728,-48.816,0,"Yaksok~",14.116,-64.451,0,"AI",40.9,-90.65,0,"AI",0,-109.84,0,"-つる３-",-57.977,-100.801,0,0,0,0,0,0,"",0,0,0,0,3298.63,,,,0,0
119,6,1,7,6,0,2,2,0,0,0,255,255,255,59,3312.856,"하루（Haru）",R,33,82,134,1.11,-0.635,0.368,1.683,0.303,1.111,-36.491,34.663,51,49,0,2,0,119.061,-103.389,7.519,0,0,1,0,4,R,"인생최패망자",190,80,0.351,3,82,W,Y,3313.887,255,120,128,126,57,145,130,26.948,-8.446,0.28,0,0.424,-41.907,582.576,137.293,0.067,-36.775,0,"わだ、、",-0.005,-17.928,0,"레이나2",-20.534,-47.238,0,"k@ster",-17.159,-62.387,82,"Kr_Luna",19.817,-48.636,0,"Yaksok~",14.733,-66.974,0,"AI",40.9,-90.65,0,"AI",0,-109.84,0,"-つる３-",-58.053,-100.907,0,3318.622,-0.191,-133.664,3319.455,7,"AI",-0.201,-132.846,1,0,,3324.198,,,72,2
120,6,1,7,6,0,0,2,0,1,0,255,4,255,60,3347.557,"하루（Haru）",R,26,95,140,-3.41,-2.29,-0.033,1.374,-1.566,0.025,-36.491,24.708,51,49,0,1,0,61.059,-197.539,24.017,-0.676,-19.01,0,1,8,R,"SUGUN",179.9,82.092,0.496,0,82,W,Y,0,0,0,0,0,0,0,0,0,0,0,0,0,0,0,0,0.03,-36.571,0,"わだ、、",-0.951,-19.526,0,"레이나2",-20.675,-47.005,0,"k@ster",-17.171,-62.418,0,"Kr_Luna",18.828,-43.015,0,"Yaksok~",9.896,-67.51,0,"AI",40.9,-90.65,0,"AI",0,-109.84,0,"-つる３-",-51.728,-92.663,0,0,0,0,0,0,"",0,0,0,0,3348.58,3350.542,,,0,0
121,6,1,7,6,1,0,2,0,1,0,255,4,255,61,3368.174,"하루（Haru）",R,27,91,140,-1.692,-1.542,0.128,1.485,-0.813,0.403,-36.491,19.306,45,55,0,2,0,91.682,-137.41,12.31,0,0,1,1,8,R,"SUGUN",179.9,82.092,0.496,3,82,W,Y,3369.114,233,93,121,66,14,145,110,-30,-12.397,0.91,0,0.351,-527.984,-117.139,-12.408,-0.276,-36.467,0,"わだ、、",-0.574,-18.379,0,"레이나2",-20.278,-47.096,0,"k@ster",-17.037,-62.307,0,"Kr_Luna",18.04,-44.587,0,"Yaksok~",12.417,-68.386,106,"AI",40.9,-90.65,0,"AI",0,-109.84,0,"-つる３-",-51.799,-92.675,0,3368.864,-0.21,-20.234,3371.43,5,"Yaksok~",5.945,-61.338,0,2,,,3373.208,,101,2
122,6,0,7,6,0,0,0,0,0,0,255,255,255,59,3442.023,"소솨소솨",R,28,84,136,0.804,0.173,0.088,1.584,-0.519,1.436,-36.543,3.059,56,44,0,2,0,61.754,-80.717,3.796,0,0,1,0,0,L,"하루（Haru）",190,90.172,0.403,3,82,W,Y,3443.207,164,96,51,73,41,135,124,99.128,-41.462,0.3,0,0.219,-290.759,-481.969,-180.707,-0.041,-37.681,0,"M_lunatic",-0.218,-17.131,0,"Penguin_iDOL",-20.671,-47.691,0,"SUGUN",-3.874,-63.488,0,"인생최패망자",16.817,-44.184,0,"Sabo_10",11.307,-63.693,0,"AI",40.904,-90.654,0,"AI",0,-109.845,0,"AI",-40.804,-90.554,0,0,0,0,0,0,"",0,0,0,0,,,,,64,3
123,6,0,7,6,0,1,0,0,0,0,255,255,255,60,3462.545,"소솨소솨",R,28,75,126,-1.554,-0.151,0.036,1.59,-0.762,1.455,-36.543,2.624,47,53,0,2,0,54.068,-58.548,6.613,0,0,1,0,0,L,"하루（Haru）",190,90.172,0.403,3,82,W,Y,3463.779,205,203,104,105,61,145,130,28.153,32.642,0.43,0,0.282,116.702,191.747,261.93,-0.088,-37.717,0,"M_lunatic",-0.323,-17.364,0,"Penguin_iDOL",-20.662,-47.713,0,"SUGUN",-6.476,-63.924,0,"인생최패망자",17.705,-44.572,0,"Sabo_10",11.79,-64.103,0,"AI",40.904,-90.654,0,"AI",0,-109.845,0,"AI",-40.804,-90.554,0,3468.289,-66.34,-111.627,0,0,"",0,0,0,0,,3474.208,3479.454,,64,4
124,6,0,7,7,0,0,0,0,0,0,255,255,255,61,3500.679,"소솨소솨",R,33,85,138,2.471,0.796,0.395,1.738,0.905,1.96,-36.543,21.087,87,13,0,2,0,115.963,-100.79,1.473,0,0,0,0,5,R,"Yaksok~",173.3,80,0.332,3,82,W,Y,3501.619,178,148,123,84,51,145,102,28.817,8.879,0.04,0,0.236,-223.067,-152.372,18.866,0.049,-37.26,0,"M_lunatic",0.027,-17.092,0,"Penguin_iDOL",-21.237,-48.058,0,"SUGUN",-13.114,-61.269,0,"인생최패망자",16.576,-44.833,0,"Sabo_10",5.862,-65.59,97,"AI",40.904,-90.654,0,"AI",0,-109.844,0,"AI",-40.804,-90.554,0,3505.838,-9.337,-100.817,3509.847,5,"Sabo_10",-0.439,-61.015,0,0,,,,,72,1
125,6,0,7,7,0,0,1,0,0,0,255,255,255,62,3527.076,"소솨소솨",R,33,94,140,-2.549,-0.887,0.055,1.419,-0.676,0.901,-36.543,11.915,42,58,0,2,0,141.641,-141.276,3.572,0,0,1,1,1,L,"わだ、、",190,80,0.498,3,82,W,Y,3528.191,255,99,63,112,79,139,88,17.555,-17.737,-0.73,0,0.537,161.445,-524.127,-243.365,-0.171,-37.739,0,"M_lunatic",-0.284,-17.603,0,"Penguin_iDOL",-22.305,-48.497,0,"SUGUN",-13.8,-60.296,0,"인생최패망자",16.552,-43.838,0,"Sabo_10",14.287,-63.205,101,"AI",40.904,-90.654,0,"AI",0,-109.845,0,"AI",-40.804,-90.554,0,0,0,0,3530.88,5,"Sabo_10",19.195,-66.488,0,0,,,,,72,1
126,6,0,7,7,0,0,2,0,0,0,255,255,255,63,3553.642,"소솨소솨",R,33,84,136,0.667,-0.143,0.231,1.598,0.143,1.48,-36.543,10.065,40,60,0,0,0,100.455,-44.407,-2.747,0,0,0,2,4,L,"Kr_Luna",190,95.256,0.504,0,82,W,Y,0,0,0,0,0,0,0,0,0,0,0,0,0,0,0,0,-0.311,-37.949,0,"M_lunatic",-0.091,-17.178,0,"Penguin_iDOL",-20.357,-47.91,0,"SUGUN",-15.137,-61.403,0,"인생최패망자",17.491,-44.571,0,"Sabo_10",13.394,-64.697,0,"AI",40.9,-90.65,0,"AI",0,-109.84,0,"AI",-40.8,-90.55,0,0,0,0,0,0,"",0,0,0,0,3554.605,,,,0,0
127,6,0,7,7,0,1,2,0,0,0,255,255,255,64,3568.624,"소솨소솨",R,31,71,123,-2.316,0.173,0.004,1.652,-0.912,1.655,-36.543,5.943,42,58,0,2,0,-62.067,-59.477,-23.373,0,0,0,2,4,L,"Kr_Luna",190,95.256,0.504,3,82,W,Y,3569.57,137,86,118,83,48,142,130,27.59,-9.725,0.39,0,0.035,211.466,-195.326,-15.718,0.137,-37.302,0,"M_lunatic",-0.096,-17.353,0,"Penguin_iDOL",-20.491,-47.795,0,"SUGUN",-15.064,-62.757,0,"인생최패망자",17.644,-44.851,0,"Sabo_10",13.511,-64.55,0,"AI",40.9,-90.65,0,"AI",0,-109.84,0,"AI",-40.8,-90.55,0,3574.739,23.095,-131.493,3575.922,7,"AI",20.806,-127.952,1,0,,3580.702,,,66,2
128,6,0,7,7,0,0,2,0,1,0,255,14,255,65,3598.934,"소솨소솨",R,33,88,140,0.353,0.318,0.192,1.662,-0.039,1.691,-36.543,8.155,44,56,0,0,0,138.646,-86.342,3.238,0,0,0,3,3,R,"k@ster",168.4,89.756,0.502,0,82,W,Y,0,0,0,0,0,0,0,0,0,0,0,0,0,0,0,0,-0.095,-38.012,0,"M_lunatic",-0.086,-17.581,0,"Penguin_iDOL",-20.375,-47.868,0,"SUGUN",-14.187,-61.404,0,"인생최패망자",18.997,-42.356,0,"Sabo_10",3.324,-64.494,0,"AI",40.9,-90.65,0,"AI",0,-109.84,0,"AI",-40.8,-90.55,0,0,0,0,0,0,"",0,0,0,0,3599.98,3603.61,,,0,0
129,6,0,7,7,0,1,2,0,1,0,255,14,255,66,3613.41,"소솨소솨",R,33,82,133,2.917,0.774,0.43,1.742,1.07,1.983,-36.543,26.302,83,17,0,4,0,130.475,-41.379,-1.555,0,0,1,3,3,R,"k@ster",168.4,89.756,0.502,0,82,W,Y,0,0,0,0,0,0,0,0,0,0,0,0,0,0,0,0,0.128,-38.088,0,"M_lunatic",0.261,-17.222,0,"Penguin_iDOL",-20.296,-47.89,0,"SUGUN",-12.678,-61.981,0,"인생최패망자",16.678,-44.165,0,"Sabo_10",4.366,-63.958,0,"AI",40.9,-90.65,0,"AI",0,-109.84,0,"AI",-40.8,-90.55,0,0,0,0,0,0,"",0,0,0,0,3614.48,3616.506,,,0,0
130,6,0,7,7,0,2,2,0,1,0,255,14,255,67,3637.48,"소솨소솨",R,32,83,135,3.017,0.704,0.434,1.727,1.089,1.931,-36.543,27.312,41,59,0,4,0,150.444,-57.053,-3.594,0,0,1,3,3,R,"k@ster",168.4,89.756,0.502,0,82,W,Y,0,0,0,0,0,0,0,0,0,0,0,0,0,0,0,0,0.201,-37.997,0,"M_lunatic",0.408,-17.518,0,"Penguin_iDOL",-20.427,-47.901,0,"SUGUN",-10.889,-57.686,0,"인생최패망자",17.979,-40.679,0,"Sabo_10",4.289,-61.789,0,"AI",40.9,-90.65,0,"AI",0,-109.84,0,"AI",-40.8,-90.55,0,0,0,0,0,0,"",0,0,0,0,3638.53,,3639.88,,0,0
131,7,1,7,7,0,0,0,0,0,0,255,255,255,62,3685.088,"하루（Haru）",R,4,12,65,-2.339,-0.92,0.124,1.587,-0.557,1.086,-36.491,44.709,0,100,0,4,0,-229.31,20.69,-16.253,0,0,1,2,2,R,"Penguin_iDOL",190,80,0.25,0,82,W,Y,0,0,0,0,0,0,0,0,0,0,0,0,0,0,0,0,-0.35,-36.94,0,"わだ、、",-0.493,-17.853,0,"레이나2",-20.929,-46.582,0,"k@ster",-16.846,-62.588,0,"Kr_Luna",18.141,-48.492,0,"Yaksok~",11.544,-68.199,0,"AI",40.9,-90.65,0,"AI",0,-109.84,0,"-つる３-",-53.279,-94.74,0,0,0,0,0,0,"",0,0,0,0,3686.805,,,,0,0
132,7,1,7,7,0,1,0,0,0,0,255,255,255,63,3703.534,"하루（Haru）",R,27,92,140,-3.823,-0.833,-0.08,1.635,-1.782,0.955,-36.491,9.308,46,54,0,1,0,88.084,-145.267,18.599,0,0,0,2,2,R,"Penguin_iDOL",190,80,0.25,0,82,W,Y,0,0,0,0,0,0,0,0,0,0,0,0,0,0,0,0,-0.056,-36.856,0,"わだ、、",-1.233,-18.168,0,"레이나2",-20.593,-46.974,0,"k@ster",-17.388,-62.443,0,"Kr_Luna",18.509,-49.124,0,"Yaksok~",10.761,-67.641,0,"AI",40.9,-90.65,0,"AI",0,-109.84,0,"-つる３-",-53.257,-94.723,0,0,0,0,0,0,"",0,0,0,0,3704.73,,,,0,0
133,7,1,7,7,0,2,0,0,0,0,255,255,255,64,3724.325,"하루（Haru）",R,3,60,104,-3.464,-0.743,0.163,1.696,-0.652,1.155,-36.491,32.372,0,100,0,2,0,-438.849,0,13.971,0,0,1,2,2,R,"Penguin_iDOL",190,80,0.25,3,82,W,Y,3725.784,198,184,56,145,108,137,92,97.548,-84.847,0.95,0,0.419,-289.673,-309.454,-108.009,-0.077,-36.979,0,"わだ、、",-1.029,-17.937,0,"레이나2",-20.549,-46.828,0,"k@ster",-17.29,-62.395,0,"Kr_Luna",18.488,-49.009,0,"Yaksok~",11.988,-67.729,0,"AI",40.9,-90.65,0,"AI",0,-109.84,0,"-つる３-",-53.167,-94.699,0,3730.464,-74.453,-19.308,0,0,"",0,0,0,0,,,,,64,3
134,7,1,7,7,0,2,0,0,0,0,255,255,255,65,3744.782,"하루（Haru）",R,13,26,73,-3.272,-2.285,0.103,1.501,-0.62,0.901,-36.491,34.473,0,100,0,2,0,-259.107,312.348,-34.873,-0.654,-19.963,1,2,2,R,"Penguin_iDOL",190,80,0.25,3,82,W,Y,3746.401,164,186,38,127,86,120,79,25.842,57.405,0.96,0,0.416,173.501,-74.835,71.72,-0.154,-36.568,0,"わだ、、",-0.955,-18.434,0,"레이나2",-20.491,-46.804,0,"k@ster",-17.35,-62.233,0,"Kr_Luna",19.788,-48.277,0,"Yaksok~",13.094,-68.134,0,"AI",40.9,-90.65,0,"AI",0,-109.84,0,"-つる３-",-54.517,-96.305,0,3746.064,-0.673,-19.739,0,0,"",0,0,0,0,,,,,64,3
135,7,1,7,7,0,2,0,0,0,0,255,255,255,66,3766.391,"하루（Haru）",R,3,43,80,-8.841,0.25,0.254,1.628,-0.151,1.174,-36.491,53.518,0,94,6,2,0,-363.636,0,18.851,0,0,0,2,2,R,"Penguin_iDOL",190,80,0.25,3,82,W,Y,3767.86,255,111,139,123,67,145,130,92.484,-83.663,0.54,0,0.449,287.524,39.38,392.714,-0.167,-36.934,0,"わだ、、",-0.845,-18.364,0,"레이나2",-20.742,-46.862,0,"k@ster",-17.035,-62.586,0,"Kr_Luna",18.583,-49.437,0,"Yaksok~",12.439,-68.117,0,"AI",40.9,-90.65,0,"AI",0,-109.84,0,"-つる３-",-53.706,-94.925,0,0,0,0,0,0,"",0,0,0,0,,,,,64,3
136,7,1,7,7,0,2,0,0,0,0,255,255,255,67,3789.064,"하루（Haru）",R,27,91,140,-0.554,0.262,0.221,1.845,-0.384,1.638,-36.491,33.566,85,15,0,2,0,101.549,-148.825,7.484,0,0,0,2,2,R,"Penguin_iDOL",190,80,0.25,3,82,W,Y,3790.217,241,142,68,90,52,142,130,26.402,33.394,0.63,0,0.325,117.296,140.137,-55.06,-0.024,-36.624,0,"わだ、、",-0.321,-17.872,0,"레이나2",-20.643,-46.739,0,"k@ster",-17.035,-62.475,0,"Kr_Luna",16.674,-51.378,0,"Yaksok~",12.51,-68.073,0,"AI",40.9,-90.65,0,"AI",0,-109.84,0,"-つる３-",-56.318,-96.341,0,3794.888,-66.869,-113.357,0,0,"",0,0,0,0,,3800.858,3806.462,,64,4
137,7,1,8,7,0,0,0,0,0,0,255,255,255,68,3830.709,"하루（Haru）",R,27,71,123,0.308,0.586,0.305,1.889,0.01,1.792,-36.491,43.164,86,14,0,0,0,72.383,-128.004,7.236,0,0,0,3,5,L,"Sabo_10",174.9,88,0.452,0,82,W,Y,0,0,0,0,0,0,0,0,0,0,0,0,0,0,0,0,0.111,-36.823,0,"わだ、、",0.166,-17.844,0,"레이나2",-20.884,-47.135,0,"k@ster",-9.759,-66.237,0,"Kr_Luna",19.023,-46.48,0,"Yaksok~",15.396,-63.94,0,"AI",40.9,-90.65,0,"AI",0,-109.84,0,"-つる３-",-47.342,-100.136,0,0,0,0,0,0,"",0,0,0,0,3831.689,,,,0,0
138,7,1,8,7,0,1,0,0,0,0,255,255,255,69,3847.636,"하루（Haru）",R,27,70,122,-0.755,0.965,0.207,1.957,-0.449,2.028,-36.491,40.677,82,18,0,2,0,71.329,-110.933,11.087,0,0,1,3,5,L,"Sabo_10",174.9,88,0.452,3,82,W,Y,3848.951,231,100,90,103,37,145,86,92.552,82.963,-0.77,0,0.381,398.53,-65.674,-109.383,0.275,-36.78,0,"わだ、、",-0.064,-17.896,0,"레이나2",-20.477,-47.246,0,"k@ster",-10.614,-65.977,0,"Kr_Luna",18.995,-46.459,0,"Yaksok~",17.928,-66.134,0,"AI",40.9,-90.65,0,"AI",0,-109.84,0,"-つる３-",-47.387,-99.903,0,3854.739,33.341,-11.609,0,0,"",0,0,0,0,,,,,64,3
139,7,1,8,7,0,2,0,0,0,0,255,255,255,70,3869.309,"하루（Haru）",R,13,34,85,-1.958,0.004,0.279,2.012,-0.111,2.222,-36.491,40.903,100,0,0,2,0,-301.699,312.348,0,0,0,1,3,5,L,"Sabo_10",174.9,88,0.452,3,82,W,Y,3870.432,235,81,91,101,53,145,84,109.766,4.42,-0.88,0,0.437,506.532,156.594,-262.529,-0.155,-36.783,0,"わだ、、",-0.68,-18.046,0,"레이나2",-20.427,-47.012,0,"k@ster",-11.884,-65.377,0,"Kr_Luna",19.259,-46.533,0,"Yaksok~",17.035,-66.481,0,"AI",40.9,-90.65,0,"AI",0,-109.84,0,"-つる３-",-50.435,-100.028,0,0,0,0,0,0,"",0,0,0,0,,,,,64,3
140,7,1,8,7,0,2,0,0,0,0,255,255,255,71,3888.797,"하루（Haru）",R,40,48,92,1.272,-0.48,0.446,1.643,0.444,1.167,-36.491,47.275,0,100,0,2,0,42.19,-132.334,8.381,0,0,1,3,5,L,"Sabo_10",174.9,88,0.452,3,82,W,Y,3889.895,220,97,81,121,67,145,126,25.496,-35.657,0.49,0,0.569,166.605,85.453,-42.818,-0.6,-37.048,0,"わだ、、",0.003,-18.055,0,"레이나2",-20.505,-46.937,0,"k@ster",-11.878,-65.641,59,"Kr_Luna",19.137,-46.702,0,"Yaksok~",16.946,-66.806,0,"AI",40.9,-90.65,0,"AI",0,-109.84,0,"-つる３-",-53.318,-101.056,0,3894.663,58.506,-106.796,3895.214,6,"AI",57.363,-105.896,1,0,,3899.772,,,72,2
141,7,1,8,7,0,0,0,0,1,0,255,5,255,72,3924.698,"하루（Haru）",R,3,33,76,-0.673,-0.533,0.599,1.636,0.715,1.311,-36.491,43.564,0,100,0,2,0,-345.455,0,-34.013,0,0,1,4,1,L,"M_lunatic",190,94.627,0.444,3,45,W,Y,3926.021,255,114,64,108,64,139,130,28.195,-7.851,0.51,0,0.523,246.935,-5.008,-221.725,0.02,-36.926,0,"わだ、、",-0.054,-17.955,102,"레이나2",-20.357,-46.822,0,"k@ster",-10.7,-65.653,0,"Kr_Luna",19.438,-47.173,101,"Yaksok~",13.963,-62.05,0,"AI",40.9,-90.65,0,"AI",0,-109.84,0,"-つる３-",-48.638,-95.414,0,3931.422,17.622,-132.673,3932.647,7,"AI",18.494,-127.704,1,0,3939.814,3936.184,3933.677,3938.469,70,2
142,7,1,9,7,0,0,0,0,1,0,255,1,255,73,3964.279,"하루（Haru）",R,4,15,69,-0.507,1.512,0.31,2.239,0.456,2.624,-36.491,79.015,100,0,0,2,0,-210.856,21.376,-32.294,0,0,1,5,0,R,"소솨소솨",190,80,0.498,3,82,W,Y,3965.831,255,90,98,91,47,145,130,27.749,20.911,0.51,0,0.691,155.389,-174.228,36.374,-0.434,-36.85,0,"わだ、、",-0.085,-18.042,0,"레이나2",-20.45,-46.901,0,"k@ster",-16.025,-63.132,0,"Kr_Luna",17.906,-48.571,0,"Yaksok~",12.063,-64.12,85,"AI",40.9,-90.65,0,"AI",0,-109.84,0,"-つる３-",-53.969,-95.469,0,3970.939,-34.858,-124.132,3972.972,7,"AI",-30.068,-116.48,1,0,,3976.757,3972.979,3978.178,65,2
143,7,1,10,7,0,0,0,0,1,0,255,0,255,74,3997.507,"하루（Haru）",R,34,64,117,2.329,0.51,0.49,1.917,0.868,1.869,-36.491,75.058,84,16,0,2,0,78.151,-51.729,-1.653,0,0,1,0,4,R,"인생최패망자",190,80,0.351,3,85,W,Y,3998.629,17,22,0,0,0,2,38,-62.637,63.786,0.93,1,0.473,125.919,-22.865,-209.013,-0.584,-37.282,0,"わだ、、",-0.009,-18.14,0,"레이나2",-20.704,-46.776,0,"k@ster",-17.164,-62.603,0,"Kr_Luna",19.125,-43.964,0,"Yaksok~",7.356,-60.296,0,"AI",40.9,-90.65,0,"AI",0,-109.84,0,"-つる３-",-52.765,-105.733,0,3998.53,-0.764,-21.507,0,0,"",0,0,0,0,,4008.833,,,64,3
144,7,1,10,7,0,1,0,0,1,0,255,0,255,75,4023.424,"하루（Haru）",R,5,69,118,0.974,-0.112,0.442,1.812,0.647,1.531,-36.491,71.992,64,36,0,2,0,-142.195,0,5.55,0,0,1,0,4,R,"인생최패망자",190,80,0.351,3,85,W,Y,4024.542,255,130,192,122,71,145,130,-30,-12.09,0.65,0,0.266,-119.252,-310.488,-499.376,-0.044,-36.499,120,"わだ、、",0.074,-17.927,0,"레이나2",-19.756,-46.338,0,"k@ster",-17.247,-62.365,48,"Kr_Luna",18.524,-47.913,0,"Yaksok~",8.197,-60.671,86,"AI",40.9,-90.65,0,"AI",0,-109.84,0,"-つる３-",-56.998,-97.963,0,4024.297,0.486,-22.531,4028.855,6,"AI",32.671,-95.768,1,0,,4071.087,4028.527,4033.875,73,2
145,7,1,11,7,0,0,0,0,1,0,255,4,255,76,4098.326,"하루（Haru）",R,33,72,124,1.741,-0.268,0.428,1.754,0.581,1.325,-36.491,47.47,43,57,0,1,0,105.238,-104.646,8.584,0,0,0,1,3,R,"SUGUN",179.9,82.092,0.496,0,82,W,Y,0,0,0,0,0,0,0,0,0,0,0,0,0,0,0,0,0.008,-36.995,0,"わだ、、",0.032,-17.991,0,"레이나2",-20.271,-43.284,0,"k@ster",-17.183,-62.64,0,"Kr_Luna",18.822,-44.2,0,"Yaksok~",4.785,-61.371,0,"AI",40.9,-90.65,0,"AI",0,-109.84,0,"-つる３-",-51.93,-90.941,0,0,0,0,0,0,"",0,0,0,0,4099.464,4103.847,,,0,0
146,7,1,11,7,1,0,0,0,1,0,255,4,255,77,4119.554,"하루（Haru）",R,28,67,120,2.079,0.847,0.468,1.952,0.767,2.003,-36.491,62.762,92,8,0,2,0,76.426,-88.6,1.613,0,0,1,1,3,R,"SUGUN",179.9,82.092,0.496,3,82,W,Y,4120.578,245,254,124,135,25,145,111,102.671,65.759,0.12,0,0.425,-125.51,397.046,213.65,0.097,-36.881,0,"わだ、、",-0.059,-18.089,0,"레이나2",-20.231,-46.752,0,"k@ster",-17.143,-62.7,0,"Kr_Luna",17.852,-47.68,0,"Yaksok~",9.811,-59.701,0,"AI",40.9,-90.65,0,"AI",0,-109.84,0,"-つる３-",-52.003,-91.174,0,4127.614,59.681,-2.4,0,0,"",0,0,0,0,,4124.937,,,64,3
147,7,1,11,7,1,1,0,0,1,0,255,4,255,78,4142.956,"하루（Haru）",R,26,91,140,-0.168,-0.127,0.262,1.759,-0.193,1.342,-36.491,33.271,92,8,0,2,0,83.497,-200,10.055,0,0,1,1,3,R,"SUGUN",179.9,82.092,0.496,3,82,W,Y,4144.083,247,53,99,45,15,145,127,114.663,4.007,0.49,0,0.307,67.078,-181.03,40.385,-0.351,-36.998,0,"わだ、、",-0.084,-18.141,0,"레이나2",-20.311,-46.732,0,"k@ster",-16.842,-62.451,0,"Kr_Luna",18.197,-48.486,0,"Yaksok~",7.693,-61.12,0,"AI",40.9,-90.65,0,"AI",0,-109.84,0,"-つる３-",-51.302,-90.075,0,0,0,0,0,0,"",0,0,0,0,,4147.51,,,64,3
148,7,1,11,7,1,2,0,0,1,0,255,4,255,79,4165.796,"하루（Haru）",R,3,61,107,-0.705,-0.488,0.385,1.753,0.383,1.322,-36.491,57.301,0,100,0,0,0,-371.216,0,0,0,0,1,1,3,R,"SUGUN",179.9,82.092,0.496,0,82,W,Y,0,0,0,0,0,0,0,0,0,0,0,0,0,0,0,0,-0.324,-36.663,0,"わだ、、",-0.215,-19.388,0,"레이나2",-21.02,-44.503,0,"k@ster",-17.186,-62.447,0,"Kr_Luna",18.417,-45.772,0,"Yaksok~",5.924,-61.704,0,"AI",40.9,-90.65,0,"AI",0,-109.84,0,"-つる３-",-48.504,-93.163,0,0,0,0,0,0,"",0,0,0,0,4167.039,4170.049,,,0,0
149,7,1,11,7,0,0,1,0,1,0,255,4,255,80,4189.89,"하루（Haru）",R,27,87,140,0.216,-0.51,0.291,1.697,-0.057,1.157,-36.491,28.175,40,60,0,2,0,106.513,-146.356,0,0,0,1,2,2,R,"Penguin_iDOL",190,80,0.25,3,73,W,Y,4191.031,244,222,60,115,68,138,112,25.902,39.501,0.82,0,0.499,111.252,-319.87,19.635,-0.056,-36.963,0,"わだ、、",-0.044,-17.858,0,"레이나2",-20.385,-46.926,0,"k@ster",-16.919,-62.406,66,"Kr_Luna",19.256,-45.335,0,"Yaksok~",9.353,-64.434,0,"AI",40.9,-90.65,0,"AI",0,-109.84,0,"-つる３-",-53.596,-95.933,88,4195.53,-58.032,-100.292,4195.755,8,"-つる３-",-56.607,-97.946,0,0,,4197.692,,,88,1
150,7,1,11,7,0,0,2,0,1,0,255,4,255,81,4225.026,"하루（Haru）",R,0,47,90,0.201,-0.829,0.357,1.635,0.167,1.15,-36.491,42.338,0,96,4,0,0,-38.606,0,0,0,0,1,3,5,L,"Sabo_10",174.9,88,0.452,0,82,W,Y,0,0,0,0,0,0,0,0,0,0,0,0,0,0,0,0,-0.317,-37.022,0,"わだ、、",-0.003,-17.734,0,"레이나2",-20.617,-47.261,0,"k@ster",-9.96,-66.365,0,"Kr_Luna",18.53,-46.893,0,"Yaksok~",16.125,-65.41,0,"AI",40.9,-90.65,0,"AI",0,-109.84,0,"-つる３-",-42.901,-93.563,0,0,0,0,0,0,"",0,0,0,0,4226.23,4228.154,,,0,0
151,7,1,11,7,0,1,2,0,1,0,255,4,255,82,4245.315,"하루（Haru）",R,0,45,89,0.132,-0.913,0.318,1.615,0.047,1.102,-36.491,32.088,0,100,0,2,0,0,0,0,0,0,1,3,5,L,"Sabo_10",174.9,88,0.452,3,82,W,Y,4246.405,223,120,83,116,66,145,105,-1.197,1.133,0.93,0,0.594,29.432,-416.393,42.41,0.324,-36.856,0,"わだ、、",0.038,-17.887,0,"레이나2",-20.396,-47.317,0,"k@ster",-9.419,-66.23,102,"Kr_Luna",18.21,-47.038,0,"Yaksok~",16.953,-65.908,0,"AI",40.9,-90.65,0,"AI",0,-109.84,0,"-つる３-",-42.923,-93.644,0,4246.53,0.009,-33.465,4248.272,3,"k@ster",-1.351,-65.305,0,0,4278.181,,4249.895,,60,2
152,7,0,11,7,0,0,0,0,0,0,255,255,255,68,4298.912,"Penguin_iDOL",R,29,87,140,-2.516,0.537,0.036,1.772,-0.764,1.723,-36.493,26.882,95,5,0,2,0,-250,-200,13.721,0,0,1,4,8,L,"-つる３-",175,89.687,0.49,3,81,W,Y,4299.867,224,107,129,82,54,145,103,26.165,36.243,0.05,0,0.295,71.764,49.07,11.346,-0.434,-36.893,0,"M_lunatic",-0.398,-17.256,0,"소솨소솨",-19.914,-47.118,0,"SUGUN",-12.183,-61.262,0,"인생최패망자",16.606,-43.608,0,"Sabo_10",13.924,-64.631,0,"AI",40.904,-90.654,0,"AI",0,-109.844,0,"AI",-40.804,-90.554,0,4304.214,-53.992,-90.313,0,0,"",0,0,0,0,,,,,4,1
153,7,0,11,7,0,0,1,0,0,0,255,255,255,69,4325.782,"Penguin_iDOL",R,14,83,123,2.146,-0.657,0.275,1.805,0.589,1.663,-36.493,26.046,85,15,0,2,0,215.841,400,25.368,0,0,1,5,2,R,"레이나2",180.3,80.118,0.403,3,81,W,Y,4326.877,189,141,115,64,31,145,128,-12.551,-24.907,0.7,0,0.087,131.433,252.64,66.208,0.186,-37.173,0,"M_lunatic",0.141,-17.231,0,"소솨소솨",-19.478,-45.34,64,"SUGUN",-13.272,-60.469,0,"인생최패망자",15.085,-45.139,120,"Sabo_10",5.611,-64.599,0,"AI",40.904,-90.654,0,"AI",0,-109.845,0,"AI",-40.804,-90.554,0,4326.672,1.839,-23.913,4327.806,4,"인생최패망자",11.055,-44.062,0,32,,,,,37,2
154,7,0,11,7,0,0,2,0,0,0,255,255,255,70,4351.604,"Penguin_iDOL",R,29,74,125,-1.404,-0.498,0.15,1.582,-0.231,1.101,-36.493,38.889,64,36,0,2,0,-250,-200,13.219,0,0,1,6,0,L,"하루（Haru）",190,90.172,0.403,3,81,W,Y,4352.637,223,208,54,134,56,137,92,114.916,-18.013,-0.47,0,0.299,-179.515,56.678,153.075,-0.005,-37.167,0,"M_lunatic",-0.388,-17.702,0,"소솨소솨",-19.014,-44.313,0,"SUGUN",-3.146,-64.408,0,"인생최패망자",16.071,-42.975,0,"Sabo_10",13.699,-63.969,0,"AI",40.905,-90.654,0,"AI",0,-109.845,0,"AI",-40.805,-90.554,0,0,0,0,0,0,"",0,0,0,0,,,,,4,3
155,7,0,11,7,0,1,2,0,0,0,255,255,255,71,4372.314,"Penguin_iDOL",R,29,75,126,-0.63,0.031,0.174,1.669,-0.12,1.383,-36.493,32.745,100,0,0,2,0,-225.87,-200,10.506,0,0,1,6,0,L,"하루（Haru）",190,90.172,0.403,3,81,W,Y,4373.349,198,141,64,112,51,139,88,105.083,4.344,-0.78,0,0.216,33.22,-305.098,-400.045,0.053,-37.05,0,"M_lunatic",-0.251,-17.611,0,"소솨소솨",-19.423,-43.83,0,"SUGUN",-4.57,-66.636,0,"인생최패망자",16.807,-44.205,0,"Sabo_10",13.274,-64.896,0,"AI",40.904,-90.654,0,"AI",0,-109.845,0,"AI",-40.804,-90.554,0,0,0,0,0,0,"",0,0,0,0,,,,,4,3
156,7,0,11,7,0,2,2,0,0,0,255,255,255,72,4390.628,"Penguin_iDOL",R,14,84,108,2.927,-0.984,0.314,1.858,0.557,1.41,-36.493,33.995,85,15,0,4,0,379.235,317.498,10.739,0.925,-17.861,1,6,0,L,"하루（Haru）",190,90.172,0.403,0,81,W,Y,0,0,0,0,0,0,0,0,0,0,0,0,0,0,0,0,-0.23,-37.659,0,"M_lunatic",0.275,-17.483,0,"소솨소솨",-18.831,-43.463,0,"SUGUN",-4.298,-66.155,0,"인생최패망자",15.901,-41.352,0,"Sabo_10",13.363,-64.958,0,"AI",40.9,-90.65,0,"AI",0,-109.84,0,"AI",-40.8,-90.55,0,0,0,0,0,0,"",0,0,0,0,4393.431,,,,0,0
157,8,1,11,7,0,0,0,0,0,0,255,255,255,83,4438.187,"하루（Haru）",R,26,97,140,-2.958,-1.552,0.018,1.486,-1.324,0.475,-36.491,13.918,53,47,0,2,0,25.395,-183.053,0,0,0,1,4,1,L,"M_lunatic",190,94.627,0.444,3,81,W,Y,4439.186,255,111,135,134,55,145,91,-13.824,33.712,-0.79,0,0.41,277.89,324.798,27.509,-0.44,-36.557,0,"わだ、、",-0.574,-17.691,0,"레이나2",-20.336,-47.243,84,"k@ster",-10.016,-66.605,0,"Kr_Luna",19.633,-49.051,0,"Yaksok~",17.945,-64.851,0,"AI",40.9,-90.65,0,"AI",0,-109.84,0,"-つる３-",-48.299,-95.249,0,4439.105,-1.565,-22.146,4440.714,2,"레이나2",-17.201,-44.985,0,0,,,,,96,2
158,8,1,11,7,0,0,1,0,0,0,255,255,255,84,4466.397,"하루（Haru）",R,28,69,108,2.5,0.402,0.603,1.901,0.929,1.763,-36.491,51.272,76,24,0,2,0,77.316,-91.555,4.498,0,0,1,5,2,R,"소솨소솨",190,80,0.498,3,81,W,Y,4467.557,200,132,71,62,18,142,89,-12.341,-11.888,-0.78,0.095,0.468,151.567,51.571,187,-0.048,-36.91,0,"わだ、、",-0.019,-17.811,0,"레이나2",-20.422,-47.222,85,"k@ster",-16.805,-62.668,0,"Kr_Luna",16.497,-50.393,0,"Yaksok~",12.226,-68.708,106,"AI",40.9,-90.65,0,"AI",0,-109.84,0,"-つる３-",-55.911,-99.338,0,4467.53,1.422,-24.462,4469.897,8,"-つる３-",8.945,-62.982,0,0,,,,,97,2
159,8,1,11,7,0,0,2,0,0,0,255,255,255,85,4493.866,"하루（Haru）",R,12,74,110,2.107,0.007,0.613,1.873,0.96,1.703,-36.491,57.487,88,12,0,2,0,-33.126,69.354,1.787,0,0,1,0,4,R,"인생최패망자",190,80,0.351,3,81,W,Y,4495.037,255,240,167,146,98,145,130,23.687,46.407,0.65,0,0.376,208.994,-368.07,137.246,-0.031,-36.727,0,"わだ、、",-0.012,-17.808,0,"레이나2",-20.543,-47.169,0,"k@ster",-16.829,-62.557,0,"Kr_Luna",18.308,-48.036,0,"Yaksok~",14.34,-66.777,0,"AI",40.9,-90.65,0,"AI",0,-109.84,0,"-つる３-",-57.255,-95.501,0,4499.447,-76.935,-107.081,0,0,"",0,0,0,0,,4504.955,4511.872,4516.743,64,4
160,8,1,12,7,0,0,2,0,0,0,255,255,255,86,4536.472,"하루（Haru）",R,5,67,105,1.844,0.093,0.601,1.856,0.924,1.667,-36.491,63.007,87,13,0,1,0,-72.033,0,5.031,0,0,0,1,3,R,"SUGUN",179.9,82.092,0.496,0,81,W,Y,0,0,0,0,0,0,0,0,0,0,0,0,0,0,0,0,0.039,-37.37,0,"わだ、、",-0.001,-17.791,0,"레이나2",-20.648,-47.13,0,"k@ster",-17.12,-62.43,0,"Kr_Luna",16.048,-47.236,0,"Yaksok~",10.23,-65.938,0,"AI",40.9,-90.65,0,"AI",0,-109.84,0,"-つる３-",-49.612,-95.026,0,0,0,0,0,0,"",0,0,0,0,4537.78,,,,0,0
161,8,1,12,7,1,0,2,0,0,0,255,255,255,87,4557.719,"하루（Haru）",R,0,79,115,0.563,-0.823,0.402,1.632,0.305,1.155,-36.491,40.546,48,52,0,2,0,-42.025,31.624,4.768,0,0,1,1,3,R,"SUGUN",179.9,82.092,0.496,3,81,W,Y,4558.8,255,207,138,73,15,145,127,26.573,38.877,0.59,0,0.488,-186.083,452.539,75.407,0.267,-36.567,0,"わだ、、",-0.024,-17.832,0,"레이나2",-20.58,-47.154,0,"k@ster",-17.118,-62.426,0,"Kr_Luna",16.039,-47.217,0,"Yaksok~",9.324,-67.67,0,"AI",40.9,-90.65,0,"AI",0,-109.84,0,"-つる３-",-49.562,-94.949,0,4565.272,-83.227,-105.308,0,0,"",0,0,0,0,,4569.495,4574.4,,64,4
162,8,1,13,7,0,0,2,0,0,0,255,255,255,88,4605.119,"하루（Haru）",R,12,72,107,-0.189,-0.287,0.332,1.796,0.091,1.537,-36.491,29.385,54,46,0,2,0,0,147.43,2.727,0,0,1,2,0,R,"Penguin_iDOL",190,80,0.25,3,81,W,Y,4606.247,213,160,122,98,85,145,124,26.704,3.434,0.73,0,0.507,239.621,502.324,224.17,-0.038,-36.831,0,"わだ、、",-0.027,-17.844,0,"레이나2",-20.625,-47.092,0,"k@ster",-16.993,-62.197,73,"Kr_Luna",16.976,-50.444,0,"Yaksok~",11.478,-68.475,0,"AI",40.9,-90.65,0,"AI",0,-109.84,0,"-つる３-",-57.483,-98.696,0,4611.255,-21.256,-129.514,4612.855,7,"AI",-18.968,-131.585,1,0,,4616.881,,,72,2
163,8,1,13,7,0,0,2,0,1,0,255,0,255,89,4639.526,"하루（Haru）",R,26,88,140,-0.349,-1.145,0.231,1.593,-0.336,0.75,-36.491,28.091,44,56,0,1,0,140.957,-200,37.902,0,0,0,3,5,L,"Sabo_10",174.9,88,0.452,0,81,W,Y,0,0,0,0,0,0,0,0,0,0,0,0,0,0,0,0,0.082,-36.674,0,"わだ、、",-0.244,-18.029,0,"레이나2",-20.371,-47.371,0,"k@ster",-9.614,-66.454,0,"Kr_Luna",17.861,-48.432,0,"Yaksok~",15.986,-63.669,0,"AI",40.9,-90.65,0,"AI",0,-109.84,0,"-つる３-",-44.058,-94.078,0,0,0,0,0,0,"",0,0,0,0,4640.347,4641.929,,,0,0
164,8,1,13,7,1,0,2,0,1,0,255,0,255,90,4654.657,"하루（Haru）",R,27,74,125,-0.29,0.239,0.239,1.839,-0.299,1.613,-36.491,38.337,39,61,0,0,0,107.034,-109.385,10.546,0,0,1,3,5,L,"Sabo_10",174.9,88,0.452,0,81,W,Y,0,0,0,0,0,0,0,0,0,0,0,0,0,0,0,0,-0.05,-37.015,0,"わだ、、",0.039,-17.92,0,"레이나2",-20.318,-47.424,0,"k@ster",-6.941,-66.801,0,"Kr_Luna",19.084,-43.97,0,"Yaksok~",17.028,-63.527,0,"AI",40.9,-90.65,0,"AI",0,-109.84,0,"-つる３-",-44.085,-93.812,0,0,0,0,0,0,"",0,0,0,0,4655.556,4657.312,,,0,0
165,8,1,13,7,1,1,2,0,1,0,255,0,255,91,4672.684,"하루（Haru）",R,26,74,125,-2.302,-0.564,0.108,1.816,-0.909,1.533,-36.491,33.135,59,41,0,2,0,65.248,-188.199,14.928,0,0,1,3,5,L,"Sabo_10",174.9,88,0.452,3,81,W,Y,4673.606,201,61,84,64,23,145,86,59.61,-28.066,-0.76,0,0.34,408.716,-103.709,201.162,-0.176,-36.779,0,"わだ、、",-0.732,-17.974,0,"레이나2",-20.021,-47.502,0,"k@ster",-11.246,-65.919,0,"Kr_Luna",18.583,-47.196,0,"Yaksok~",18.072,-64.928,0,"AI",40.9,-90.65,0,"AI",0,-109.84,0,"-つる３-",-45.957,-93.598,0,4679.239,23.905,-62.747,4679.472,5,"Yaksok~",23.388,-61.875,0,0,,,,,5,1
166,8,0,13,7,0,0,0,0,0,0,255,255,255,73,4724,"Penguin_iDOL",R,13,77,103,-1.794,-1.835,0.165,1.714,-0.109,1.089,-36.493,17.555,56,44,0,1,0,-340.357,343.331,2.996,0,0,0,0,5,R,"Yaksok~",173.3,80,0.332,0,81,W,Y,0,0,0,0,0,0,0,0,0,0,0,0,0,0,0,0,0.151,-37.489,0,"M_lunatic",-0.36,-17.16,0,"소솨소솨",-19.944,-46.165,0,"SUGUN",-14.771,-63.301,0,"인생최패망자",16.52,-46.003,0,"Sabo_10",5.179,-64.664,0,"AI",40.9,-90.65,0,"AI",0,-109.84,0,"AI",-40.8,-90.55,0,0,0,0,0,0,"",0,0,0,0,4725.172,,,,0,0
167,8,0,13,7,1,0,0,0,0,0,255,255,255,74,4738.877,"Penguin_iDOL",R,14,83,108,-0.606,-1.215,-0.115,1.826,-0.976,1.356,-36.493,20.835,92,8,0,1,0,383.336,312.348,12.289,0,0,0,0,5,R,"Yaksok~",173.3,80,0.332,0,81,W,Y,0,0,0,0,0,0,0,0,0,0,0,0,0,0,0,0,0.114,-37.239,0,"M_lunatic",-0.209,-17.605,0,"소솨소솨",-19.896,-46.284,0,"SUGUN",-14.9,-63.246,0,"인생최패망자",15.856,-46.226,0,"Sabo_10",6.454,-64.667,0,"AI",40.9,-90.65,0,"AI",0,-109.84,0,"AI",-40.8,-90.55,0,0,0,0,0,0,"",0,0,0,0,4740.014,,,,0,0
168,8,0,13,7,2,0,0,0,0,0,255,255,255,75,4755.56,"Penguin_iDOL",R,26,90,140,0.94,0.828,0.267,1.855,0.471,1.882,-36.493,34.863,78,21,2,0,0,-52.415,-200,20.601,0,0,1,0,5,R,"Yaksok~",173.3,80,0.332,0,81,W,Y,0,0,0,0,0,0,0,0,0,0,0,0,0,0,0,0,-0.063,-37.449,0,"M_lunatic",-0.092,-17.018,0,"소솨소솨",-19.212,-46.414,0,"SUGUN",-14.886,-63.291,0,"인생최패망자",16.901,-46.798,0,"Sabo_10",4.722,-62.209,0,"AI",40.9,-90.65,0,"AI",0,-109.84,0,"AI",-40.8,-90.55,0,0,0,0,0,0,"",0,0,0,0,4756.48,,,,0,0
169,8,0,13,7,2,1,0,0,0,0,255,255,255,76,4768.73,"Penguin_iDOL",R,29,85,138,0.885,-0.848,0.303,1.718,0.691,0.928,-36.493,37.431,88,12,0,0,0,-230.823,-186.476,8.663,0,0,0,0,5,R,"Yaksok~",173.3,80,0.332,0,81,W,Y,0,0,0,0,0,0,0,0,0,0,0,0,0,0,0,0,0.035,-37.34,0,"M_lunatic",-0.126,-17.025,0,"소솨소솨",-19.213,-46.385,0,"SUGUN",-14.93,-63.377,0,"인생최패망자",17.145,-47,0,"Sabo_10",4.31,-62.433,0,"AI",40.9,-90.65,0,"AI",0,-109.84,0,"AI",-40.8,-90.55,0,0,0,0,0,0,"",0,0,0,0,4769.681,,,,0,0
170,8,0,13,7,2,2,0,0,0,0,255,255,255,77,4785.204,"Penguin_iDOL",R,29,89,140,-0.175,0.299,0.254,1.732,0.25,1.582,-36.493,32.447,85,15,0,2,0,-250,-200,11.965,0,0,1,0,5,R,"Yaksok~",173.3,80,0.332,3,81,W,Y,4786.174,185,106,99,25,0,140,87,-30,58.186,0.96,0,0.16,-305.756,424.592,-24.396,-0.166,-36.861,0,"M_lunatic",-0.169,-17.546,0,"소솨소솨",-19.133,-46.435,0,"SUGUN",-14.998,-63.189,0,"인생최패망자",16.847,-46.729,0,"Sabo_10",5.05,-64.463,0,"AI",40.9,-90.65,0,"AI",0,-109.84,0,"AI",-40.8,-90.55,0,4785.914,-2.38,-19.984,0,0,"",0,0,0,0,,,,,4,3
171,8,0,13,7,2,2,0,0,0,0,255,255,255,78,4802.429,"Penguin_iDOL",R,13,73,100,-0.539,-0.381,0.372,1.9,0.32,2.036,-36.493,36.68,97,3,0,0,0,-272.946,399.82,9.208,0,0,1,0,5,R,"Yaksok~",173.3,80,0.332,0,80,W,Y,0,0,0,0,0,0,0,0,0,0,0,0,0,0,0,0,-0.217,-37.715,0,"M_lunatic",-0.162,-17.683,0,"소솨소솨",-19.526,-45.968,0,"SUGUN",-14.99,-62.911,0,"인생최패망자",15.685,-44.163,0,"Sabo_10",1.833,-62.256,0,"AI",40.9,-90.65,0,"AI",0,-109.84,0,"AI",-40.8,-90.55,0,0,0,0,0,0,"",0,0,0,0,4803.497,,,,0,0
172,8,0,13,7,0,0,1,0,0,0,255,255,255,79,4824.821,"Penguin_iDOL",R,30,76,127,-1.804,1.723,0.036,2.06,-0.587,2.597,-36.493,49.243,91,9,0,4,0,-132.652,-87.633,-2.672,0,0,1,1,1,L,"わだ、、",190,80,0.498,0,58,W,Y,0,0,0,0,0,0,0,0,0,0,0,0,0,0,0,0,-0.029,-37.769,0,"M_lunatic",-0.133,-16.948,0,"소솨소솨",-19.496,-46.096,0,"SUGUN",-9.884,-66.031,0,"인생최패망자",17.744,-45.135,0,"Sabo_10",15.043,-63.834,0,"AI",40.9,-90.65,0,"AI",0,-109.84,0,"AI",-40.8,-90.55,0,0,0,0,0,0,"",0,0,0,0,4825.989,,,,0,0
173,8,0,13,7,0,1,1,0,0,0,255,255,255,80,4846.743,"Penguin_iDOL",R,14,88,126,2.206,-1.344,0.278,1.779,0.363,1.094,-36.493,28.961,93,7,0,1,0,384.858,319.193,5.096,0.546,-17.377,0,1,1,L,"わだ、、",190,80,0.498,0,58,W,Y,0,0,0,0,0,0,0,0,0,0,0,0,0,0,0,0,0.033,-37.476,0,"M_lunatic",0.287,-17.437,0,"소솨소솨",-19.428,-46.088,0,"SUGUN",-6.219,-66.359,0,"인생최패망자",17.002,-44.08,0,"Sabo_10",13.655,-63.567,0,"AI",40.9,-90.65,0,"AI",0,-109.84,0,"AI",-40.8,-90.55,0,0,0,0,0,0,"",0,0,0,0,4847.997,,,,0,0
174,8,0,13,7,1,1,1,0,0,0,255,255,255,81,4872.917,"Penguin_iDOL",R,29,84,136,-1.648,-1.094,0.083,1.72,-0.544,0.901,-36.493,27.063,94,6,0,2,0,-250,-200,14.448,0,0,1,1,1,L,"わだ、、",190,80,0.498,3,58,W,Y,4873.962,255,97,127,96,67,145,91,58.981,43.731,-0.8,0,0.553,313.431,219.592,-27.467,-0.36,-36.954,0,"M_lunatic",-0.382,-17.458,0,"소솨소솨",-18.821,-45.56,0,"SUGUN",-13.979,-64.016,0,"인생최패망자",17.568,-44.593,0,"Sabo_10",14.04,-64.532,0,"AI",40.9,-90.65,0,"AI",0,-109.84,0,"AI",-40.8,-90.55,0,4879.447,-45.721,-60.46,4881.03,8,"AI",-49.746,-62.03,0,0,,,,,4,2
175,8,0,13,7,1,2,1,0,0,0,255,255,255,82,4900.806,"Penguin_iDOL",R,14,77,103,-1.178,0.429,-0.24,2.027,-1.282,2.272,-36.493,38.205,90,10,0,0,0,390.106,276.459,2.163,0,0,0,1,1,L,"わだ、、",190,80,0.498,0,58,W,Y,0,0,0,0,0,0,0,0,0,0,0,0,0,0,0,0,0.368,-37.801,0,"M_lunatic",-0.088,-17.055,0,"소솨소솨",-19.062,-44.32,0,"SUGUN",-14.831,-62.928,0,"인생최패망자",16.444,-43.247,0,"Sabo_10",14.457,-64.138,0,"AI",40.9,-90.65,0,"AI",0,-109.84,0,"AI",-40.8,-90.55,0,0,0,0,0,0,"",0,0,0,0,4902.13,,,,0,0
176,8,0,13,7,0,0,2,0,0,0,255,255,255,83,4924.483,"Penguin_iDOL",R,13,76,114,-2.019,-1.654,0.144,1.748,-0.259,0.993,-36.493,26.202,100,0,0,2,0,-358.791,348.237,8.684,0,0,0,2,4,L,"Kr_Luna",190,95.256,0.504,3,80,W,Y,4925.377,131,84,61,79,65,137,116,-30,26.089,0.84,0,0.058,-190.27,258.685,10.523,-0.28,-36.94,0,"M_lunatic",-0.357,-17.09,0,"소솨소솨",-20.009,-46.341,0,"SUGUN",-7.069,-66.48,0,"인생최패망자",17.908,-44.554,0,"Sabo_10",14.511,-63.957,93,"AI",40.9,-90.65,0,"AI",0,-109.84,0,"AI",-40.8,-90.55,0,4924.997,-0.581,-19.625,4928.589,8,"AI",-30.424,-82.189,1,0,,,,,12,2
177,8,0,13,7,0,0,2,1,0,0,14,255,255,84,4953.944,"Penguin_iDOL",R,10,77,117,2.173,1.171,0.424,2.04,0.934,2.772,-36.493,50.426,70,30,0,1,0,0,400,8.317,0,0,0,3,3,R,"k@ster",168.4,89.756,0.502,0,80,W,Y,0,0,0,0,0,0,0,0,0,0,0,0,0,0,0,0,0.157,-37.644,0,"M_lunatic",0.046,-16.929,0,"소솨소솨",-19.645,-41.564,0,"SUGUN",-15.544,-62.127,0,"인생최패망자",15.69,-40.438,0,"Sabo_10",6.542,-63.891,0,"AI",40.9,-90.65,0,"AI",0,-109.84,0,"AI",-40.8,-90.55,0,0,0,0,0,0,"",0,0,0,0,4954.98,,,,0,0
178,8,0,13,7,1,0,2,1,0,0,14,255,255,85,4969.612,"Penguin_iDOL",R,3,68,97,0.505,0.296,0.609,1.81,1.126,1.9,-36.493,39.268,100,0,0,2,0,-429.076,66.788,5.59,0,0,1,3,3,R,"k@ster",168.4,89.756,0.502,0,80,W,Y,4970.656,146,98,59,66,35,137,108,-18.809,-18.165,0.07,0,0.212,-378.677,-433.951,-59.388,-0.064,-36.995,0,"M_lunatic",-0.119,-17.62,0,"소솨소솨",-18.26,-45.051,0,"SUGUN",-15.395,-62.177,71,"인생최패망자",15.838,-43.923,0,"Sabo_10",5.028,-62.726,0,"AI",40.9,-90.65,0,"AI",0,-109.84,0,"AI",-40.8,-90.55,0,4970.505,0.998,-22.862,4976.78,6,"AI",27.386,-110.707,1,0,,4975.16,4980.646,,6,2
179,8,0,13,7,0,0,2,0,1,1,255,13,14,86,5000.409,"Penguin_iDOL",R,29,79,129,-1.024,-0.806,0.175,1.546,-0.119,0.93,-36.493,26.588,62,38,0,2,0,-224.99,-200,20.404,0,0,0,4,8,L,"-つる３-",175,89.687,0.49,3,80,W,Y,5001.437,255,104,134,71,51,145,98,-3.082,5.307,-0.13,0,0.379,-510.683,-308.223,44.949,-0.218,-37.075,0,"M_lunatic",-0.315,-17.252,0,"소솨소솨",-19.279,-43.68,0,"SUGUN",-11.584,-62.476,96,"인생최패망자",14.698,-42.034,0,"Sabo_10",13.453,-63.43,0,"AI",40.9,-90.65,0,"AI",0,-109.84,0,"AI",-40.8,-90.55,0,5001.397,-0.838,-27.329,5003.297,3,"SUGUN",-4.207,-62.425,0,0,,,5006.776,5006.146,34,2
