id,type,inn,half,scoreA,scoreB,ball,strk,out,b1,b2,b3,b1Idx,b2Idx,b3Idx,pCnt,pSec,pName,pHand,pType,pPow,spdK,zoneX,zoneY,startX,startY,targetX,targetY,zDist,pitchAngle,pOver,pSide,pUnder,call,sH,sV,gyro,plx,plz,bIdx,bPos,bZone,bName,bHCm,batLen,batCen,batType,bFps,bOS,bVR,bSwing,hSec,rotS,rotL,shS,lgS,prepS,batSpd,ev,ldeg,sdeg,launchPosX,launchPosY,launchPosZ,hPos,buntGrip,handDist,angVeloX,angVeloY,angVeloZ,ltSec,lx,lz,cSec,cPos,cx,cy,cz,1BSafe,tag,cpSec,bTo1Sec,bTo2Sec,bTo3Sec,bToHSec,r1To2Sec,r1To3Sec,r1ToHSec,r2To3Sec,r2ToHSec,r3ToHSec,r1LeaveSec,r2LeaveSec,r3LeaveSec,out1Sec,out1BatterIndex,out1PrevBase,out1Code,out1Ass,out2Sec,out2BatterIndex,out2PrevBase,out2Code,out2Ass,out3Sec,out3BatterIndex,out3PrevBase,out3Code,out3Ass,ball1Sec,ball1Pos,ball2Sec,ball2Pos,ball3Sec,ball3Pos,ballHSec,ballHPos,PitchPPosX,PitchPPosZ,PitchCPosX,PitchCPosZ,Pitch1BPosX,Pitch1BPosZ,Pitch2BPosX,Pitch2BPosZ,Pitch3BPosX,Pitch3BPosZ,PitchSSPosX,PitchSSPosZ,PitchLFPosX,PitchLFPosZ,PitchCFPosX,PitchCFPosZ,PitchRFPosX,PitchRFPosZ,PPosX,PPosY,PThrSpd,CName,CPosX,CPosY,CThrSpd,1BName,1BPosX,1BPosY,1BThrSpd,2BName,2BPosX,2BPosY,2BThrSpd,3BName,3BPosX,3BPosY,3BThrSpd,SSName,SSPosX,SSPosY,SSThrSpd,LFName,LFPosX,LFPosY,LFThrSpd,CFName,CFPosX,CFPosY,CFThrSpd,RFName,RFPosX,RFPosY,RFThrSpd,PGetSec,PGetX,PGetZ,CGetSec,CGetX,CGetZ,1BGetSec,1BGetX,1BGetZ,2BGetSec,2BGetX,2BGetZ,3BGetSec,3BGetX,3BGetZ,SSGetSec,SSGetX,SSGetZ,LFGetSec,LFGetX,LFGetZ,CFGetSec,CFGetX,CFGetZ,RFGetSec,RFGetX,RFGetZ,PThrSec,PThrX,PThrZ,CThrSec,CThrX,CThrZ,1BThrSec,1BThrX,1BThrZ,2BThrSec,2BThrX,2BThrZ,3BThrSec,3BThrX,3BThrZ,SSThrSec,SSThrX,SSThrZ,LFThrSec,LFThrX,LFThrZ,CFThrSec,CFThrX,CFThrZ,RFThrSec,RFThrX,RFThrZ,errPosDelta,result,balk,cPlr,sb2Sec,sb3Sec,sbhSec,ass,remarks
1,,4,1,4,2,0,0,1,0,0,0,255,255,255,33,2178.109,"CAT tourniquet",L,26,60,114,1.838,-0.863,-0.256,1.797,0.678,0.847,-36.67,17.135,65,35,0,1,73.917,-200,-2.393,0,0,3,2,R,"-라후이-",190,87.311,0.496,,87,W,Y,0,,,,,,,,,,,,,,,,,,,,,,,,,,,,0,0,,,,,,,,,,,,,,,,,,,,,,,,,,,,,,,,,,,,,,0.037,-37.614,-0.112,-14.439,-22.303,-48.317,-16.925,-62.765,20.281,-51.21,11.273,-65.705,40.929,-90.677,0,-109.87,-40.83,-90.577,,,,"",,,,"",,,,"",,,,"",,,,"",,,,"",,,,"",,,,"",,,,,,,,,,,,,,,,,,,,,,,,,,,,,,,,,,,,,,,,,,,,,,,,,,,,,,,,,,"",0,0,"",,,,0,""
2,,4,1,4,2,1,0,1,0,0,0,255,255,255,34,2191.539,"CAT tourniquet",L,26,98,140,-0.934,0.376,-0.473,2.048,-0.329,1.661,-36.67,40.634,71,29,0,0,-46.179,-193.389,-10.28,0,0,3,2,R,"-라후이-",190,87.311,0.496,,87,W,Y,1,,,,,,,,,,,,,,,,,,,,,,,,,,,,0,0,,,,,,,,,,,,,,,,,,,,,,,,,,,,,,,,,,,,,,-0.12,-37.68,0.155,-16.701,-21.684,-47.427,-16.81,-62.584,19.557,-51.47,11.809,-65.805,40.907,-90.657,0,-109.85,-40.807,-90.557,,,,"",,,,"",,,,"",,,,"",,,,"",,,,"",,,,"",,,,"",,,,,,,,,,,,,,,,,,,,,,,,,,,,,,,,,,,,,,,,,,,,,,,,,,,,,,,,,,"",0,0,"",,,,0,""
3,,4,1,4,2,1,1,1,0,0,0,255,255,255,35,2206.1,"CAT tourniquet",L,47,36,86,-0.789,-0.145,-0.461,1.979,-0.183,1.509,-36.67,23.506,100,0,0,2,-58.73,-17.638,15.471,0,0,3,2,R,"-라후이-",190,87.311,0.496,3,87,W,Y,1,2207.247,65,38,25,34,34,44,48,-53.73,-10.836,-0.147,0.977,-20.518,0.69,0,0.186,-589.756,-103.291,38.965,2207.257,-0.012,-21.214,2210.135,0,0.965,0.054,-32.308,0,0,,2213.331,,,,,,,,,,,,,2212.887,3,,147,32,,,,,,,,,,,,,,,,,,,-0.249,-38.271,0.239,-16.737,-21.872,-47.305,-16.728,-62.516,20.018,-51.058,11.919,-65.839,40.907,-90.657,0,-109.85,-40.807,-90.557,-0.526,-37.362,95,"ddil_ddil69",-0.06,-16.795,,"Pring__",-21.424,-47.074,88,"muyang_",-16.726,-62.485,,"SUGUN",20.145,-50.862,,"ByeolBam",11.924,-65.832,,"AI",40.9,-90.65,,"AI",0,-109.84,,"AI",-40.8,-90.55,,2210.22,0.93,-33.514,,,,2212.212,-17.921,-38.924,,,,,,,,,,,,,,,,,,,2211.221,-0.614,-34.117,,,,2215.76,-18.386,-39.576,,,,,,,,,,,,,,,,,,,"",2,0,"CAT tourniquet",,,,34,""
4,,4,1,4,2,0,0,2,0,0,0,255,255,255,36,2246.387,"CAT tourniquet",L,29,61,115,1.645,0.836,-0.326,2.109,0.353,1.868,-36.67,31.922,97,3,0,2,212.741,-198.72,0.225,0,0,4,0,R,"まととまと",179.8,89.79,0.449,3,86,W,Y,1,2247.638,255,116,152,141,68,145,93,21.827,-8.377,0.284,1.282,-20.792,-0.48,0.19,0.27,130.325,376.006,449.038,2252.102,4.311,-99.716,2252.324,7,4.338,1.901,-96.859,0,0,,,,,,,,,,,,,,,2252.359,4,,456,0,,,,,,,,,,,,,,,,,,,0.024,-37.513,0.027,-17.071,-20.986,-46.772,-17.113,-62.595,19.806,-49.818,12.992,-64.616,40.937,-90.684,0,-109.88,-40.837,-90.584,-0.306,-37.311,,"ddil_ddil69",0.058,-17.289,,"Pring__",-20.871,-46.587,,"muyang_",-17.104,-62.577,,"SUGUN",19.733,-49.679,,"ByeolBam",12.242,-64.824,,"AI",40.9,-90.65,,"AI",0,-109.84,,"AI",-40.8,-90.55,,,,,,,,,,,,,,,,,,,,,,,,,,,,,,,,,,,,,,,,,,,,,,,,,,,,,,,,"",1,0,"AI",,,,0,""
5,SIDE,4,1,4,2,0,0,2,0,0,0,255,255,255,,2254.889,,,,,,,,,,,,,,,,,,,,,,,5,,,,,,,,,,,,,,,,,,,,,,,,,,,,,,,,,,,,,,,0,0,,,,,,,,,,,,,,,,,,,,,,,,,,,,,,,,,,,,,,,,,,,,,,,,,,,,,,,,,,,,,,,,,,,,,,,,,,,,,,,,,,,,,,,,,,,,,,,,,,,,,,,,,,,,,,,,,,,,,,,,,,,,,,,,,,,,,,,,,,,,,,,,,"",0,0,"",,,,0,""
6,,4,0,4,2,0,0,0,0,0,0,255,255,255,50,2283.775,"まととまと",R,26,92,127,0.893,0.685,0.32,1.908,0.372,1.787,-36.397,41.92,80,20,0,2,4.924,-200,12.454,0,0,2,1,R,"ddil_ddil69",176.4,89.899,0.397,3,44,W,Y,1,2284.992,255,107,93,78,0,145,82,48.704,47.636,0.156,1.102,-19.423,-1,0,0.569,590.424,35.399,100.731,2289.869,-47.661,-59.41,,,,,,0,0,,,,,2294.788,,,,,,,,,,,,,,,,,,,,,,,,,,,,,,,,,-0.052,-37.303,-0.014,-16.974,-18.998,-44.336,-16.549,-56.64,20.383,-46.873,7.214,-60.859,40.93,-90.677,0,-109.87,-40.83,-90.577,-0.518,-36.443,,"うよすま",-0.049,-16.973,,"-라후이-",-19.089,-43.905,,"Gonyong",-15.469,-56.786,,"소솨소솨",19.203,-47.085,,"CoalCat",7.554,-60.897,,"AI",40.9,-90.65,,"AI",0,-109.84,,"AI",-40.8,-90.55,,,,,,,,,,,,,,,,,,,,,,,,,,,,,,,,,,,,,,,,,,,,,,,,,,,,,,,,"",3,0,"",,,,0,""
7,,4,0,4,2,0,1,0,0,0,0,255,255,255,51,2303.645,"まととまと",R,26,92,127,1.381,1.198,0.39,2.035,0.59,2.083,-36.397,51.637,88,12,0,4,-0.27,-200,1.908,0,0,2,1,R,"ddil_ddil69",176.4,89.899,0.397,,44,W,Y,1,,,,,,,,,,,,,,,,,,,,,,,,,,,,0,0,,,,,,,,,,,,,,,,,,,,,,,,,,,,,,,,,,,,,,-0.147,-37.132,-0.022,-17.067,-17.421,-43.111,-14.081,-59.326,20.362,-46.928,9.416,-64.825,40.9,-90.65,0,-109.84,-40.8,-90.55,,,,"",,,,"",,,,"",,,,"",,,,"",,,,"",,,,"",,,,"",,,,,,,,,,,,,,,,,,,,,,,,,,,,,,,,,,,,,,,,,,,,,,,,,,,,,,,,,,"",0,0,"",,,,0,""
8,,4,0,4,2,0,2,0,0,0,0,255,255,255,52,2319.706,"まととまと",R,13,82,107,-3.581,-2.26,-0.073,1.464,-0.845,0.756,-36.397,7.465,47,53,0,1,-376.134,316.984,-44.059,-0.745,-19.609,2,1,R,"ddil_ddil69",176.4,89.899,0.397,,44,W,Y,0,,,,,,,,,,,,,,,,,,,,,,,,,,,,0,0,,,,,,,,,,,,,,,,,,,,,,,,,,,,,,,,,,,,,,-0.158,-37.333,-0.365,-17.047,-17.402,-43.061,-14.028,-59.096,19.667,-47.001,9.579,-64.692,40.915,-90.664,0,-109.85,-40.815,-90.564,,,,"",,,,"",,,,"",,,,"",,,,"",,,,"",,,,"",,,,"",,,,,,,,,,,,,,,,,,,,,,,,,,,,,,,,,,,,,,,,,,,,,,,,,,,,,,,,,,"",0,0,"",,,,0,""
9,,4,0,4,2,1,2,0,0,0,0,255,255,255,53,2333.726,"まととまと",R,32,95,129,0.409,-0.954,0.176,1.658,-0.073,1.207,-36.397,18.656,36,64,0,2,214.669,196.412,-69.76,0,0,2,1,R,"ddil_ddil69",176.4,89.899,0.397,5,44,W,Y,1,2334.918,255,69,152,77,35,145,129,17.02,81.372,0.099,0.522,-19.546,0.57,0,0.494,204.122,561.982,-50.1,,,,,,,,,0,0,,,,,,,,,,,,,,,,,,,,,,,,,,,,,,,,,,,,,,-0.095,-37.273,-0.024,-16.902,-17.29,-43.169,-14.091,-59.083,19.603,-47.042,9.216,-63.903,40.915,-90.664,0,-109.85,-40.815,-90.564,-0.323,-36.544,,"うよすま",-0.032,-16.906,,"-라후이-",-17.328,-43.111,,"Gonyong",-13.992,-58.802,,"소솨소솨",19.543,-46.953,,"CoalCat",9.229,-63.824,,"AI",40.9,-90.65,,"AI",0,-109.84,,"AI",-40.8,-90.55,,,,,,,,,,,,,,,,,,,,,,,,,,,,,,,,,,,,,,,,,,,,,,,,,,,,,,,,"",3,0,"",,,,0,""
10,,4,0,4,2,1,2,0,0,0,0,255,255,255,54,2349.245,"まととまと",R,6,65,94,-0.221,0.898,-0.115,2.042,-1.102,2.14,-36.397,39.628,86,14,0,2,427.273,0,34.451,0,0,2,1,R,"ddil_ddil69",176.4,89.899,0.397,3,44,W,Y,1,2350.645,174,170,104,117,57,145,82,50.829,8.841,-0.021,1.216,-20.186,-1,0,0.574,412.043,157.855,406.574,2356.002,-12.895,-70.903,2356.18,3,-12.521,2.843,-69.291,0,0,,2356.201,,,,,,,,,,,,,2356.325,2,,452,0,,,,,,,,,,,,,,,,,,,-0.119,-38.032,-0.312,-16.868,-18.484,-42.957,-14.36,-59.172,19.703,-46.987,8.7,-63.935,40.915,-90.664,0,-109.85,-40.815,-90.564,-0.177,-37.023,,"うよすま",-0.346,-16.853,97,"-라후이-",-18.488,-42.918,,"Gonyong",-14.004,-58.868,107,"소솨소솨",19.683,-46.966,,"CoalCat",8.978,-63.689,,"AI",40.9,-90.65,,"AI",0,-109.84,,"AI",-40.8,-90.55,,2363.88,-1.928,-36.699,2360.634,-0.649,-20.334,,,,2356.333,-12.784,-69.836,,,,,,,,,,,,,,,,,,,2362.97,-1.34,-19.539,,,,2358.632,-9.685,-64.273,,,,,,,,,,,,,,,,"",1,0,"Gonyong",,,,52,""
11,,4,0,4,2,0,0,1,0,0,0,255,255,255,55,2373.443,"まととまと",R,26,91,126,1.429,0.703,0.402,1.946,0.558,1.791,-36.397,54.216,83,17,0,0,34.656,-200,2.309,0,0,3,5,R,"ByeolBam",175.4,90,0.5,,78,W,Y,0,,,,,,,,,,,,,,,,,,,,,,,,,,,,0,0,,,,,,,,,,,,,,,,,,,,,,,,,,,,,,,,,,,,,,-0.085,-37.521,-0.002,-17.031,-18.409,-43.685,-13.368,-58.165,20.623,-47.115,9.519,-63.413,40.915,-90.664,0,-109.85,-40.815,-90.564,,,,"",,,,"",,,,"",,,,"",,,,"",,,,"",,,,"",,,,"",,,,2378.271,-0.379,-37.076,,,,,,,,,,,,,,,,,,,,,,,,,,,,,,,,,,,,,,,,,,,,,,,,,,,,"",0,0,"",,,,0,""
12,,4,0,4,2,0,1,1,0,0,0,255,255,255,56,2386.242,"まととまと",R,26,101,136,-1.699,-0.389,0.002,1.65,-0.614,1.184,-36.397,22.479,87,13,0,1,-97.923,-200,38.294,0,0,3,5,R,"ByeolBam",175.4,90,0.5,,78,W,Y,0,,,,,,,,,,,,,,,,,,,,,,,,,,,,0,0,,,,,,,,,,,,,,,,,,,,,,,,,,,,,,,,,,,,,,-0.148,-37.316,0.006,-17.298,-18.773,-44.022,-13.37,-58.704,19.499,-45.482,10.129,-63.255,40.907,-90.657,0,-109.85,-40.807,-90.557,,,,"",,,,"",,,,"",,,,"",,,,"",,,,"",,,,"",,,,"",,,,2390.809,-0.379,-37.117,,,,,,,,,,,,,,,,,,,,,,,,,,,,,,,,,,,,,,,,,,,,,,,,,,,,"",0,0,"",,,,0,""
13,,4,0,4,2,1,1,1,0,0,0,255,255,255,57,2397.681,"まととまと",R,26,105,140,-1.251,-1.263,0.036,1.437,-0.508,0.688,-36.397,2.61,48,52,0,1,-31.05,-200,35.451,0,0,3,5,R,"ByeolBam",175.4,90,0.5,,78,W,Y,0,,,,,,,,,,,,,,,,,,,,,,,,,,,,0,0,,,,,,,,,,,,,,,,,,,,,,,,,,,,,,,,,,,,,,-0.139,-37.077,-0.001,-17.353,-19.067,-44.093,-13.24,-58.665,19.359,-45.946,10.198,-63.32,40.907,-90.657,0,-109.85,-40.807,-90.557,,,,"",,,,"",,,,"",,,,"",,,,"",,,,"",,,,"",,,,"",,,,2403.657,-0.527,-37.179,,,,,,,,,,,,,,,,,,,,,,,,,,,,,,,,,,,,,,,,,,,,,,,,,,,,"",0,0,"",,,,0,""
14,,4,0,4,2,2,1,1,0,0,0,255,255,255,58,2410.155,"まととまと",R,1,23,79,-0.873,-1.873,0.179,1.615,-0.065,1.104,-36.397,35.53,53,47,0,4,-1.75,-0.844,-3.844,-0.223,-19.034,3,5,R,"ByeolBam",175.4,90,0.5,,78,W,Y,1,,,,,,,,,,,,,,,,,,,,,,,,,,,,0,0,,,,,,,,,,,,,,,,,,,,,,,,,,,,,,,,,,,,,,-0.088,-37.371,-0.045,-17.204,-18.382,-43.186,-13.502,-58.607,19.66,-45.461,10.028,-63.29,40.907,-90.657,0,-109.85,-40.807,-90.557,,,,"",,,,"",,,,"",,,,"",,,,"",,,,"",,,,"",,,,"",,,,2418.71,0.245,-38.562,,,,,,,,,,,,,,,,,,,,,,,,,,,,,,,,,,,,,,,,,,,,,,,,,,,,"",0,0,"",,,,0,""
15,,4,0,4,2,2,2,1,0,0,0,255,255,255,59,2427.584,"まととまと",R,13,62,93,-3.436,-1.3,0.126,1.772,-0.68,1.315,-36.397,34.119,94,6,0,4,-342.854,242.874,-31.681,0,0,3,5,R,"ByeolBam",175.4,90,0.5,,83,W,Y,1,,,,,,,,,,,,,,,,,,,,,,,,,,,,0,0,,,,,,,,,,,,,,,2430.371,3,,578,0,,,,,,,,,,,,,,,,,,,-0.086,-38.08,-0.238,-17.266,-18.447,-43.507,-13.484,-59.675,19.67,-45.447,10.412,-63.469,40.907,-90.657,0,-109.85,-40.807,-90.557,,,,"",,,,"",,,,"",,,,"",,,,"",,,,"",,,,"",,,,"",,,,2434.479,-0.939,-38.219,,,,,,,,,,,,,,,,,,,,,,,,,,,,,,,,,,,,,,,,,,,,,,,,,,,,"",0,0,"",,,,0,""
16,,4,0,4,2,0,0,2,0,0,0,255,255,255,60,2444.983,"まととまと",R,26,97,131,-0.113,0.819,0.257,1.931,0.177,1.848,-36.397,31.246,87,13,0,2,-163.381,-200,19.332,0,0,4,3,R,"muyang_",171,80,0.498,3,33,W,Y,1,2446.002,255,255,75,81,32,145,114,29.172,41.484,-0.131,1.217,-20.153,0.77,0,0.356,462.396,377.503,-60.679,2450.846,-74.567,-90.136,,,,,,0,0,,,,,,,,,,,,,,,,,,,,,,,,,,,,,,,,,,,,,,-0.044,-38.068,0.024,-16.841,-18.528,-43.898,-13.421,-59.702,18.708,-45.957,9.569,-63.633,40.907,-90.657,0,-109.84,-40.807,-90.557,-0.056,-36.5,,"うよすま",-0.016,-16.822,,"-라후이-",-19.351,-45.416,,"Gonyong",-13.392,-59.615,,"소솨소솨",18.73,-45.831,,"CoalCat",9.618,-63.522,,"AI",40.9,-90.65,,"AI",0,-109.84,,"AI",-40.8,-90.55,,,,,,,,,,,,,,,,,,,,,,,,,,,,,,,,,,,,,,,,,,,,,,,,,,,,,,,,"",3,0,"",,,,0,""
17,,4,0,4,2,0,1,2,0,0,0,255,255,255,61,2463.553,"まととまと",R,13,87,111,-2.715,-2.077,0.033,1.541,-0.517,0.912,-36.397,15.621,49,51,0,1,-368.771,337.651,-27.261,-0.61,-19.126,4,3,R,"muyang_",171,80,0.498,,33,W,Y,0,,,,,,,,,,,,,,,,,,,,,,,,,,,,0,0,,,,,,,,,,,,,,,,,,,,,,,,,,,,,,,,,,,,,,-0.135,-37.845,-0.363,-17.056,-19.354,-43.237,-15.453,-61.07,19.725,-46.068,9.208,-63.572,40.915,-90.664,0,-109.85,-40.808,-90.557,,,,"",,,,"",,,,"",,,,"",,,,"",,,,"",,,,"",,,,"",,,,,,,,,,,,,,,,,,,,,,,,,,,,,,,,,,,,,,,,,,,,,,,,,,,,,,,,,,"",0,0,"",,,,0,""
18,,4,0,4,2,1,1,2,0,0,0,255,255,255,62,2474.465,"まととまと",R,13,82,107,-1.134,-0.974,0.267,1.796,0.208,1.522,-36.397,34.418,92,8,0,0,-376.931,315.982,-23.873,0,0,4,3,R,"muyang_",171,80,0.498,,33,W,Y,1,,,,,,,,,,,,,,,,,,,,,,,,,,,,0,0,,,,,,,,,,,,,,,,,,,,,,,,,,,,,,,,,,,,,,-0.086,-38.186,-0.352,-17.005,-19.354,-42.826,-15.148,-61.197,19.55,-46.037,9.247,-63.579,40.907,-90.657,0,-109.85,-40.807,-90.557,,,,"",,,,"",,,,"",,,,"",,,,"",,,,"",,,,"",,,,"",,,,,,,,,,,,,,,,,,,,,,,,,,,,,,,,,,,,,,,,,,,,,,,,,,,,,,,,,,"",0,0,"",,,,0,""
19,,4,0,4,2,1,2,2,0,0,0,255,255,255,63,2489.48,"まととまと",R,0,70,109,0.447,2.455,0.279,2.196,0.186,2.986,-36.397,77.548,83,17,0,1,0,0,3.755,0,0,4,3,R,"muyang_",171,80,0.498,,33,W,Y,0,,,,,,,,,,,,,,,,,,,,,,,,,,,,0,0,,,,,,,,,,,,,,,,,,,,,,,,,,,,,,,,,,,,,,-0.1,-38.167,-0.085,-17.175,-19.365,-42.756,-15.22,-61.194,19.379,-46.116,9.264,-63.57,40.915,-90.664,0,-109.85,-40.815,-90.564,,,,"",,,,"",,,,"",,,,"",,,,"",,,,"",,,,"",,,,"",,,,,,,,,,,,,,,,,,,,,,,,,,,,,,,,,,,,,,,,,,,,,,,,,,,,,,,,,,"",0,0,"",,,,0,""
20,,4,0,4,2,2,2,2,0,0,0,255,255,255,64,2502.686,"まととまと",R,26,94,128,-1.676,0.929,0.046,1.955,-0.479,1.904,-36.397,37.67,85,15,0,4,-172.77,-200,22.239,0,0,4,3,R,"muyang_",171,80,0.498,,33,W,Y,1,,,,,,,,,,,,,,,,,,,,,,,,,,,,0,0,,,,,,,,,,,,,,,2505.317,4,,578,0,,,,,,,,,,,,,,,,,,,-0.157,-37.374,0.032,-17.057,-19.302,-42.793,-15.848,-60.802,19.376,-46.047,9.234,-63.542,40.907,-90.657,0,-109.85,-40.807,-90.557,,,,"",,,,"",,,,"",,,,"",,,,"",,,,"",,,,"",,,,"",,,,,,,,,,,,,,,,,,,,,,,,,,,,,,,,,,,,,,,,,,,,,,,,,,,,,,,,,,"",0,0,"",,,,0,""
21,SIDE,4,0,4,2,0,0,2,0,0,0,255,255,255,,2508.627,,,,,,,,,,,,,,,,,,,,,,,5,,,,,,,,,,,,,,,,,,,,,,,,,,,,,,,,,,,,,,,0,0,,,,,,,,,,,,,,,,,,,,,,,,,,,,,,,,,,,,,,,,,,,,,,,,,,,,,,,,,,,,,,,,,,,,,,,,,,,,,,,,,,,,,,,,,,,,,,,,,,,,,,,,,,,,,,,,,,,,,,,,,,,,,,,,,,,,,,,,,,,,,,,,,"",0,0,"",,,,0,""
22,,5,1,4,2,0,0,0,0,0,0,255,255,255,37,2539.606,"CAT tourniquet",L,26,88,140,0.523,0.377,-0.354,2.034,0.223,1.613,-36.67,29.824,95,5,0,0,11.721,-200,4.668,0,0,5,3,R,"Gonyong",175,80,0.2,,75,W,Y,0,,,,,,,,,,,,,,,,,,,,,,,,,,,,0,0,,,,,,,,,,,,,,,,,,,,,,,,,,,,,,,,,,,,,,-0.034,-37.693,0.01,-16.665,-22.45,-48.561,-17.104,-62.662,20.241,-50.8,12.512,-65.369,40.922,-90.671,0,-109.86,-40.822,-90.571,,,,"",,,,"",,,,"",,,,"",,,,"",,,,"",,,,"",,,,"",,,,,,,,,,,,,,,,,,,,,,,,,,,,,,,,,,,,,,,,,,,,,,,,,,,,,,,,,,"",0,0,"",,,,0,""
23,,5,1,4,2,0,1,0,0,0,0,255,255,255,38,2557.346,"CAT tourniquet",L,26,87,140,0.445,-1.497,-0.377,1.726,0.117,0.531,-36.67,27.171,66,34,0,1,74.074,-200,-49.039,0,0,5,3,R,"Gonyong",175,80,0.2,,45,W,Y,0,,,,,,,,,,,,,,,,,,,,,,,,,,,,0,0,,,,,,,,,,,,,,,,,,,,,,,,,,,,,,,,,,,,,,0.067,-37.627,0.019,-17.013,-22.653,-48.501,-17.095,-62.645,20.162,-50.691,12.531,-65.377,40.915,-90.664,0,-109.86,-40.815,-90.564,,,,"",,,,"",,,,"",,,,"",,,,"",,,,"",,,,"",,,,"",,,,,,,,,,,,,,,,,,,,,,,,,,,,,,,,,,,,,,,,,,,,,,,,,,,,,,,,,,"",0,0,"",,,,0,""
24,,5,1,4,2,1,1,0,0,0,0,255,255,255,39,2572.402,"CAT tourniquet",L,10,86,128,-0.984,-0.783,-0.491,2.028,-0.414,1.593,-36.67,29.024,92,8,0,0,0,400,-18.75,-0.149,-17.87,5,3,R,"Gonyong",175,80,0.2,,45,W,Y,1,,,,,,,,,,,,,,,,,,,,,,,,,,,,0,0,,,,,,,,,,,,,,,,,,,,,,,,,,,,,,,,,,,,,,-0.112,-37.73,0.001,-17.105,-22.517,-48.369,-16.995,-62.715,20.104,-50.98,12.442,-65.673,40.915,-90.664,0,-109.85,-40.815,-90.564,,,,"",,,,"",,,,"",,,,"",,,,"",,,,"",,,,"",,,,"",,,,,,,,,,,,,,,,,,,,,,,,,,,,,,,,,,,,,,,,,,,,,,,,,,,,,,,,,,"",0,0,"",,,,0,""
25,,5,1,4,2,1,2,0,0,0,0,255,255,255,40,2588.585,"CAT tourniquet",L,14,66,107,-2.606,-0.92,-0.486,2.009,-0.388,1.526,-36.67,36.663,100,0,0,2,-379.57,312.625,-5.535,0,0,5,3,R,"Gonyong",175,80,0.2,5,45,W,Y,1,2589.887,211,146,108,144,52,145,84,-26.66,-13.886,-0.48,0.651,-20.492,1,0,0.228,-311,508.332,69.842,2589.735,-0.205,-21.617,2590.946,0,1.914,1.181,-36.375,0,0,,,,,,,,,,,,,,,2594.114,5,,147,32,,,,,,,,,,,,,,,,,,,-0.008,-37.705,0.006,-16.322,-22.763,-48.315,-16.923,-62.65,20.108,-50.656,13.004,-65.126,40.915,-90.664,0,-109.85,-40.815,-90.564,-0.604,-37.51,112,"ddil_ddil69",-0.129,-16.439,,"Pring__",-22.32,-48.069,71,"muyang_",-16.768,-62.585,,"SUGUN",20.353,-50.597,,"ByeolBam",13.008,-65.123,,"AI",40.9,-90.65,,"AI",0,-109.84,,"AI",-40.8,-90.55,,2591.055,1.983,-37.29,,,,2593.479,-18.975,-39.554,,,,,,,,,,,,,,,,,,,2592.556,0.481,-38.262,,,,2595.45,-18.07,-39.681,,,,,,,,,,,,,,,,,,,"",2,0,"CAT tourniquet",,,,34,""
26,,5,1,4,2,0,0,1,0,0,0,255,255,255,41,2619.783,"CAT tourniquet",L,26,83,135,-0.236,-0.612,-0.407,1.882,-0.023,1.06,-36.67,17.92,51,49,0,2,-46.749,-174.659,-3.743,0,0,0,5,R,"CoalCat",169.5,82.838,0.435,5,74,W,Y,1,2620.872,250,114,106,85,69,145,117,23.974,-71.615,-0.056,0.98,-21.764,0.76,0,0.526,344.466,314.541,377.369,,,,,,,,,0,0,,,,,,,,,,,,,,,,,,,,,,,,,,,,,,,,,,,,,,-0.09,-37.773,-0.019,-17.17,-21.851,-47.859,-16.688,-62.493,20.56,-50.675,13.928,-64.36,40.937,-90.684,0,-109.88,-40.837,-90.584,-0.598,-37.511,,"ddil_ddil69",-0.053,-17.255,,"Pring__",-21.772,-47.412,,"muyang_",-16.678,-62.463,,"SUGUN",19.467,-50.491,,"ByeolBam",13.929,-64.345,,"AI",40.9,-90.65,,"AI",0,-109.84,,"AI",-40.8,-90.55,,,,,,,,,,,,,,,,,,,,,,,,,,,,,,,,,,,,,,,,,,,,,,,,,,,,,,,,"",3,0,"",,,,0,""
27,,5,1,4,2,0,1,1,0,0,0,255,255,255,42,2639.938,"CAT tourniquet",L,26,90,140,4.341,-2.813,-0.28,1.742,0.569,0.551,-36.67,19.191,60,40,0,2,123.269,-200,-13.957,0.779,-21.007,0,5,R,"CoalCat",169.5,82.838,0.435,5,73,W,Y,1,2641.098,209,86,78,54,41,143,96,34.323,-34.407,0.445,0.394,-21.533,-0.22,0,0.437,-443.934,-233.623,-329.155,2645.257,44.757,-79.326,2645.469,6,43.183,2.18,-77.483,0,0,,,,,,,,,,,,,,,2645.591,0,,456,0,,,,,,,,,,,,,,,,,,,0.047,-37.741,-0.019,-16.919,-21.956,-47.453,-16.737,-62.766,19.679,-50.598,13.917,-64.353,40.915,-90.664,0,-109.85,-40.815,-90.564,-0.348,-37.554,,"ddil_ddil69",0.022,-16.938,,"Pring__",-21.5,-46.976,,"muyang_",-16.728,-62.843,85,"SUGUN",20,-50.506,,"ByeolBam",13.917,-64.354,,"AI",40.9,-90.65,,"AI",0,-109.84,,"AI",-40.8,-90.55,,2652.436,-1.105,-38.671,,,,,,,2649.819,0.525,-59.385,,,,,,,,,,,,,,,,,,,,,,,,,2651.287,0.105,-57.646,,,,,,,,,,,,,,,,"",1,0,"AI",,,,48,""
28,,5,1,4,2,0,0,2,0,0,0,255,255,255,43,2668.88,"CAT tourniquet",L,10,83,124,-0.575,-0.778,-0.453,2.013,-0.237,1.549,-36.67,24.802,83,17,0,2,0,400,-17.218,0,0,1,4,R,"소솨소솨",190,80,0.498,3,73,W,Y,1,2670.032,138,205,114,96,56,143,86,-28.476,61.609,-0.105,0.714,-20.361,1,0.19,0.686,63.535,-390.523,451.06,2670.013,-2.225,-21.518,,,,,,0,0,,,,,,,,,,,,,,,,,,,,,,,,,,,,,,,,,,,,,,-0.072,-37.697,-0.061,-17.061,-22.706,-48.384,-16.415,-62.829,20.88,-50.989,14.057,-64.769,40.922,-90.671,0,-109.86,-40.822,-90.571,-0.271,-37.273,,"ddil_ddil69",-0.063,-17.125,,"Pring__",-22.126,-47.851,,"muyang_",-16.35,-62.721,,"SUGUN",20.733,-50.764,,"ByeolBam",14.055,-64.772,,"AI",40.9,-90.65,,"AI",0,-109.84,,"AI",-40.8,-90.55,,,,,,,,,,,,,,,,,,,,,,,,,,,,,,,,,,,,,,,,,,,,,,,,,,,,,,,,"",3,0,"",,,,0,""
29,,5,1,4,2,0,1,2,0,0,0,255,255,255,44,2685.151,"CAT tourniquet",L,14,66,107,-0.989,-0.587,-0.355,2.07,0.221,1.733,-36.67,33.575,100,0,0,0,-332.246,365.152,-13.67,-0.35,-17.724,1,4,R,"소솨소솨",190,80,0.498,,73,W,Y,1,,,,,,,,,,,,,,,,,,,,,,,,,,,,0,0,,,,,,,,,,,,,,,,,,,,,,,,,,,,,,,,,,,,,,0.073,-37.562,-0.026,-16.5,-22.066,-47.707,-16.861,-62.783,20.968,-50.491,13.142,-64.979,40.915,-90.664,0,-109.85,-40.816,-90.564,,,,"",,,,"",,,,"",,,,"",,,,"",,,,"",,,,"",,,,"",,,,,,,,,,,,,,,,,,,,,,,,,,,,,,,,,,,,,,,,,,,,,,,,,,,,,,,,,,"",0,0,"",,,,0,""
30,,5,1,4,2,0,2,2,0,0,0,255,255,255,45,2700.362,"CAT tourniquet",L,26,101,140,-0.509,-0.238,-0.478,1.928,-0.352,1.271,-36.67,25.996,73,27,0,2,105.844,-200,-17.229,0,0,1,4,R,"소솨소솨",190,80,0.498,3,73,W,Y,1,2701.481,255,150,79,34,45,138,123,-30,34.997,-0.078,0.889,-19.929,0.24,0,0.502,448.793,-22.309,-397.602,2701.335,-1.063,-21.335,2702.702,2,-16.329,2.071,-44.862,0,0,,,,,,,,,,,,,,,2705.274,1,,147,0,,,,,,,,,,,2704.668,2,,,,,,,-0.142,-37.647,-0.005,-16.795,-21.545,-47.087,-16.734,-62.797,20.608,-50.401,12.358,-65.187,40.915,-90.664,0,-109.85,-40.815,-90.564,-0.611,-37.377,,"ddil_ddil69",0.136,-17.219,,"Pring__",-21.444,-46.91,,"muyang_",-16.733,-62.89,,"SUGUN",20.837,-50.502,,"ByeolBam",12.349,-65.197,,"AI",40.9,-90.65,,"AI",0,-109.84,,"AI",-40.8,-90.55,,,,,,,,2703.021,-17.115,-45.66,,,,,,,,,,,,,,,,,,,,,,,,,,,,,,,,,,,,,,,,,,,,,,"",2,0,"Pring__",,,,2,""
31,SIDE,5,1,4,2,0,0,2,0,0,0,255,255,255,,2709.36,,,,,,,,,,,,,,,,,,,,,,,2,,,,,,,,,,,,,,,,,,,,,,,,,,,,,,,,,,,,,,,0,0,,,,,,,,,,,,,,,,,,,,,,,,,,,,,,,,,,,,,,,,,,,,,,,,,,,,,,,,,,,,,,,,,,,,,,,,,,,,,,,,,,,,,,,,,,,,,,,,,,,,,,,,,,,,,,,,,,,,,,,,,,,,,,,,,,,,,,,,,,,,,,,,,"",0,0,"",,,,0,""
32,,5,0,4,2,0,0,0,0,0,0,255,255,255,65,2743.81,"まととまと",R,14,81,118,0.75,1.577,0.125,2.166,-0.38,2.672,-36.397,51.387,83,17,0,2,377.376,328.006,24.796,0,0,5,0,L,"CAT tourniquet",190,80,0.547,3,53,W,Y,1,2744.982,177,138,145,108,72,145,111,25.735,-3.938,0.129,1.653,-20.723,0.88,0,0.118,197.789,-459.113,-331.806,2749.702,18.144,-114.541,2750.046,7,17.812,0.975,-113.364,0,0,,,,,,,,,,,,,,,2750.175,5,,456,0,,,,,,,,,,,,,,,,,,,-0.155,-37.466,-0.15,-16.945,-17.784,-43.241,-6.911,-62.782,20.14,-45.796,12.048,-61.73,40.9,-90.65,0,-109.84,-40.8,-90.55,-0.162,-37.017,,"うよすま",-0.139,-16.952,,"-라후이-",-17.843,-43.139,,"Gonyong",-5.193,-62.808,107,"소솨소솨",19.875,-45.556,,"CoalCat",12.136,-61.604,,"AI",40.9,-90.65,,"AI",0,-109.84,,"AI",-40.8,-90.55,,2757.845,0.258,-38.515,,,,,,,2754.823,0.061,-59.342,,,,,,,,,,,,,,,,,,,,,,,,,2757.069,1.724,-52.892,,,,,,,,,,,,,,,,"",1,0,"AI",,,,48,""
33,,5,0,4,2,0,0,1,0,0,0,255,255,255,66,2770.613,"まととまと",R,13,78,116,1.963,0.659,0.552,2.043,1.494,2.383,-36.397,60.168,90,10,0,1,-390.434,312.348,-19.203,0,0,0,4,R,"SUGUN",190,82.092,0.496,,73,W,Y,0,,,,,,,,,,,,,,,,,,,,,,,,,,,,0,0,,,,,,,,,,,,,,,,,,,,,,,,,,,,,,,,,,,,,,0.067,-37.474,-0.012,-17.396,-19.269,-44.516,-13.898,-60.634,19.398,-45.621,10.86,-62.904,40.915,-90.664,0,-109.85,-40.815,-90.564,,,,"",,,,"",,,,"",,,,"",,,,"",,,,"",,,,"",,,,"",,,,2775.92,-0.219,-37.161,,,,,,,,,,,,,,,,,,,,,,,,,,,,,,,,,,,,,,,,,,,,,,,,,,,,"",0,0,"",,,,0,""
34,,5,0,4,2,1,0,1,0,0,0,255,255,255,67,2785.557,"まととまと",R,0,71,122,0.896,2.022,0.3,2.131,0.381,2.905,-36.397,73.01,87,13,0,1,0,35.785,6.201,0,0,0,4,R,"SUGUN",190,82.092,0.496,,73,W,Y,0,,,,,,,,,,,,,,,,,,,,,,,,,,,,0,0,,,,,,,,,,,,,,,,,,,,,,,,,,,,,,,,,,,,,,-0.079,-37.485,-0.042,-17.16,-19.153,-44.772,-14.024,-60.06,20.201,-46.628,10.895,-62.94,40.907,-90.657,0,-109.85,-40.807,-90.557,,,,"",,,,"",,,,"",,,,"",,,,"",,,,"",,,,"",,,,"",,,,2790.026,-0.392,-37.531,,,,,,,,,,,,,,,,,,,,,,,,,,,,,,,,,,,,,,,,,,,,,,,,,,,,"",0,0,"",,,,0,""
35,,5,0,4,2,2,0,1,0,0,0,255,255,255,68,2799.544,"まととまと",R,14,82,122,-0.655,-1.578,0.074,1.651,-0.584,1.006,-36.397,13.897,41,59,0,2,209.378,400,56.428,0,0,0,4,R,"SUGUN",190,82.092,0.496,5,73,W,Y,1,2800.738,210,69,110,92,8,145,132,-25.723,-1.301,-0.121,0.423,-20.457,0.33,0,0.319,-557.533,-219.717,-29.696,2800.535,-0.104,-21.191,2803.935,7,2.267,0.069,-99.947,1,0,,2806.407,,,,,,,,,,,,,,,,,,,,,,,,,,,,,,,,,,,,-0.137,-37.159,-0.072,-17.228,-19.315,-44.631,-14.049,-60.03,19.825,-46.184,10.94,-62.976,40.907,-90.657,0,-109.85,-40.807,-90.557,0.01,-36.772,,"うよすま",-0.074,-17.233,101,"-라후이-",-19.258,-44.741,,"Gonyong",-13.898,-59.742,93,"소솨소솨",19.773,-46.209,,"CoalCat",10.844,-62.663,,"AI",40.9,-90.65,,"AI",0,-109.84,,"AI",-40.8,-90.55,,2817.655,-0.669,-36.994,2813.661,-0.331,-21.321,,,,2807.504,0.19,-59.677,,,,,,,,,,,,,,,,,,,2816.994,-2.139,-24.769,,,,2812.1,-3.182,-50.597,,,,,,,,,,,,,,,,"",2,0,"AI",,,,52,""
36,,5,0,4,2,0,0,1,1,0,0,14,255,255,69,2827.906,"まととまと",R,26,87,140,-0.186,0.371,0.208,1.854,0.039,1.667,-36.397,24.077,87,13,0,2,-135.199,-200,30.116,0,0,1,2,L,"Pring__",190,93.089,0.485,3,75,W,Y,0,2828.871,255,137,126,107,65,145,106,16.486,-38.822,0.043,1.195,-20.737,-0.05,0,0.568,394.36,-450.518,-38.901,2832.168,54.892,-78.329,2835.769,6,69.807,0.057,-91.607,1,0,,2834.754,2839.423,,,2834.099,2839.424,,,,,2828.71,,,,,,,,,,,,,,,,,,,,,,,,,,-0.008,-37.321,-0.005,-17.468,-18.208,-41.24,-12.57,-56.445,20.662,-46.021,12.439,-61.786,40.907,-90.657,0,-109.85,-40.807,-90.557,-0.283,-36.859,,"うよすま",-0.087,-17.477,,"-라후이-",-18.357,-41.302,,"Gonyong",-9.311,-56.895,,"소솨소솨",19.92,-45.723,85,"CoalCat",12.327,-61.747,,"AI",40.9,-90.65,,"AI",0,-109.84,,"AI",-40.8,-90.55,,2844.996,0.015,-37.963,,,,,,,,,,2840.746,19.761,-39.681,,,,,,,,,,,,,,,,,,,,,,,,,2843.876,17.862,-39.208,,,,,,,,,,,,,"",2,0,"AI",2834.099,2839.424,,18,""
37,,5,0,4,2,0,0,1,0,1,1,255,12,14,70,2858.174,"まととまと",R,3,75,114,1.747,0.715,0.571,1.892,1.612,2.017,-36.397,52.313,86,14,0,1,-500,0,-30.963,0,0,2,1,R,"ddil_ddil69",176.4,89.899,0.397,,76,W,Y,0,,,,,,,,,,,,,,,,,,,,,,,,,,,,0,0,,,,,,,,,,,,,,2872.797,,,,,,,,,,,,,,,,,,,,,,,,0.024,-37.326,0.092,-17.117,-18.483,-44.997,-11.243,-56.561,19.921,-43.082,7.07,-60.644,40.915,-90.664,0,-109.85,-40.815,-90.564,,,,"",,,,"",,,,"",,,,"",,,,"",,,,"",,,,"",,,,"",,,,2864.295,-0.237,-37.102,,,,,,,,,,,,,,,,,,,,,,,,,,,,,,,,,,,,,,,,,,,,,,,,,,,,"",0,0,"",2860.702,2860.812,,0,""
38,,5,0,4,2,1,0,1,0,1,1,255,12,14,71,2873.203,"まととまと",R,13,69,109,1.809,0.588,0.517,2.001,1.477,2.378,-36.397,53.759,92,8,0,1,-386.885,312.348,-2.962,0,0,2,1,R,"ddil_ddil69",176.4,89.899,0.397,,76,W,Y,0,,,,,,,,,,,,,,,,,,,,,,,,,,,,0,0,,,,,,,,,,,,,2887.013,,,,,,,,,,,,,,,,,,,,,,,,,0.046,-37.391,0.139,-17.159,-18.511,-44.764,-12.007,-55.023,19.963,-43.987,7.476,-60.495,40.907,-90.657,0,-109.85,-40.807,-90.557,,,,"",,,,"",,,,"",,,,"",,,,"",,,,"",,,,"",,,,"",,,,2878.902,-0.402,-37.185,,,,,,,,,,,,,,,,,,,,,,,,,,,,,,,,,,,,,,,,,,,,,,,,,,,,"",0,0,"",,2876.004,,0,""
39,,5,0,4,2,2,0,1,0,1,1,255,12,14,72,2887.256,"まととまと",R,6,75,114,-1.506,0.453,-0.116,1.914,-1.472,1.874,-36.397,23.227,83,17,0,1,472.232,9.855,30.038,-0.188,-18.197,2,1,R,"ddil_ddil69",176.4,89.899,0.397,,76,W,Y,0,,,,,,,,,,,,,,,,,,,,,,,,,,,,0,0,,,,,,,,,,,,,2904.963,2887.447,,,,,,,,,,,,,,,,,,,,,,,,-0.224,-37.303,-0.323,-17.164,-18.533,-44.701,-11.788,-55.008,19.86,-44.167,7.796,-60.519,40.907,-90.657,0,-109.85,-40.807,-90.557,,,,"",,,,"",,,,"",,,,"",,,,"",,,,"",,,,"",,,,"",,,,2896.384,-0.238,-37.182,,,,,,,,,,,,,,,,,,,,,,,,,,,,,,,,,,,,,,,,,,,,,,,,,,,,"",0,0,"",2890.068,2890.347,,0,""
40,,5,0,4,2,3,0,1,0,1,1,255,12,14,73,2905.092,"まととまと",R,27,77,128,-0.148,0.562,0.231,1.884,0.145,1.77,-36.397,31.394,93,7,0,0,-147.085,-147.864,19.821,0,0,2,1,R,"ddil_ddil69",176.4,89.899,0.397,,76,W,Y,0,,,,,,,,,,,,,,,,,,,,,,,,,,,,0,0,,,,,,,,,,,,,2920.392,2921.191,,,,,,,,,,,,,,,,,,,,,,,,-0.047,-37.123,-0.009,-17.368,-18.274,-45.157,-12.543,-53.275,19.708,-44.002,8.113,-60.233,40.907,-90.657,0,-109.85,-40.807,-90.557,,,,"",,,,"",,,,"",,,,"",,,,"",,,,"",,,,"",,,,"",,,,2910.237,-0.257,-37.357,,,,,,,,,,,,,,,,,,,,,,,,,,,,,,,,,,,,,,,,,,,,,,,,,,,,"",0,0,"",2907.711,2908.095,,0,""
41,,5,0,4,2,3,1,1,0,1,1,255,12,14,74,2921.219,"まととまと",R,26,94,140,-0.836,0.151,0.158,1.806,-0.196,1.5,-36.397,25.052,84,16,0,0,-138.106,-200,34.302,0,0,2,1,R,"ddil_ddil69",176.4,89.899,0.397,,76,W,Y,1,,,,,,,,,,,,,,,,,,,,,,,,,,,,0,0,,,,,,,,,,,,,,,,,,,,,,,,,,,,,,,,,,,,,,-0.027,-37.296,-0.057,-17.327,-18.437,-45.149,-12.302,-52.212,19.166,-43.933,8.124,-60.216,40.907,-90.657,0,-109.85,-40.807,-90.557,,,,"",,,,"",,,,"",,,,"",,,,"",,,,"",,,,"",,,,"",,,,2926.182,-0.194,-37.008,,,,,,,,,,,,,,,,,,,,,,,,,,,,,,,,,,,,,,,,,,,,,,,,,,,,"",0,0,"",2924.179,2924.555,,0,""
42,,5,0,4,2,3,2,1,0,1,1,255,12,14,75,2935.04,"まととまと",R,29,98,140,0.308,-0.55,0.278,1.69,0.364,1.093,-36.397,19.29,88,12,0,2,-202.995,-200,48.57,0,0,2,1,R,"ddil_ddil69",176.4,89.899,0.397,5,44,W,Y,1,2936.178,109,158,146,93,32,137,114,102.554,47.22,-0.042,0.715,-20.13,0.18,0,0.552,183.583,455.791,-344.313,,,,,,,,,0,0,,,,,,,,,,,,,2936.944,2935.504,,,,,,,,,,,,,,,,,,,,,,,,-0.023,-37.115,0.096,-17.214,-18.518,-45.058,-9.757,-52.726,19.214,-44.159,8.628,-60.224,40.907,-90.657,0,-109.85,-40.807,-90.557,-0.498,-36.526,,"うよすま",0.095,-17.26,,"-라후이-",-18.438,-45.038,,"Gonyong",-9.543,-52.296,,"소솨소솨",19.312,-43.978,,"CoalCat",8.62,-59.863,,"AI",40.9,-90.65,,"AI",0,-109.84,,"AI",-40.8,-90.55,,,,,,,,,,,,,,,,,,,,,,,,,,,,,,,,,,,,,,,,,,,,,,,,,,,,,,,,"",3,0,"",2937.733,2938.7,,0,""
43,,5,0,4,2,3,2,1,0,1,1,255,12,14,76,2950.483,"まととまと",R,14,89,126,-0.09,-1.752,0.106,1.668,-0.436,1.018,-36.397,15.958,89,11,0,2,265.061,400,28.964,0,0,2,1,R,"ddil_ddil69",176.4,89.899,0.397,5,44,W,Y,1,2951.669,118,41,69,44,48,136,98,-67.333,-80.37,-0.027,0.476,-21.16,-0.01,0,0.467,568.548,-120.843,148.828,2951.591,0.145,-21.189,,,,,,0,0,,,,,,,,,,,,,2950.702,2950.974,,,,,,,,,,,,,,,,,,,,,,,,-0.066,-37.199,-0.081,-17.397,-17.15,-44.091,-9.603,-52.725,19.06,-44.461,8.052,-60.45,40.907,-90.657,0,-109.85,-40.807,-90.557,-0.157,-36.32,,"うよすま",-0.099,-17.431,,"-라후이-",-16.986,-44.103,,"Gonyong",-9.595,-52.334,,"소솨소솨",18.945,-44.313,,"CoalCat",8.084,-60.308,,"AI",40.9,-90.65,,"AI",0,-109.84,,"AI",-40.8,-90.55,,,,,,,,,,,,,,,,,,,,,,,,,,,,,,,,,,,,,,,,,,,,,,,,,,,,,,,,"",3,0,"",2954.643,2954.687,,0,""
44,,5,0,4,2,3,2,1,0,1,1,255,12,14,77,2966.34,"まととまと",R,13,80,117,-0.307,-0.626,0.309,1.842,0.507,1.624,-36.397,39.864,93,7,0,2,-390.434,312.348,-14.593,0,0,2,1,R,"ddil_ddil69",176.4,89.899,0.397,0,44,W,Y,0,2967.463,51,32,16,26,18,19,43,-83.677,-55.756,-0.016,0.84,-21.197,0.14,0,0.345,-490.672,-331.524,-96.607,2967.369,0.109,-21.28,2969.657,1,3.233,0.127,-23.313,1,1,,2973.504,,,,,,,2973.068,2978.404,,,2966.475,2966.496,2970.869,0,3,306,0,,,,,,,,,,,2992.48,3,,,,,,,-0.031,-37.363,-0.096,-16.83,-17.499,-44.315,-10.356,-53.726,19.7,-44.33,7.637,-60.892,40.908,-90.657,0,-109.85,-40.808,-90.557,-0.844,-36.499,,"うよすま",-0.454,-16.986,107,"-라후이-",-17.6,-44.054,,"Gonyong",-9.602,-51.565,89,"소솨소솨",19.253,-44.586,,"CoalCat",7.693,-60.802,,"AI",40.9,-90.65,,"AI",0,-109.84,,"AI",-40.8,-90.55,,2993.997,-1.264,-35.629,2969.909,2.842,-22.659,,,,2983.582,5.459,-61.266,,,,,,,,,,,,,,,,,,,2972.134,8.384,-30.479,,,,2993.013,-17.908,-39.21,,,,,,,,,,,,,,,,"",2,0,"うよすま",,2973.068,2978.404,52,""
45,,5,0,4,3,0,0,2,1,0,0,11,255,255,78,3007.858,"まととまと",R,13,76,114,1.647,0.114,0.563,1.953,1.377,2.075,-36.397,46.355,91,9,0,4,-390.467,312.307,-28.353,0,0,3,5,R,"ByeolBam",175.4,90,0.5,,79,W,Y,1,,,,,,,,,,,,,,,,,,,,,,,,,,,,0,0,,,,,,,,,,,,,,,,,,,,,,,,,,,,,,,,,,,,,,0.104,-37.352,-0.143,-16.958,-18.766,-41.502,-11.333,-57.947,20.595,-45.629,9.031,-61.308,40.9,-90.65,0,-109.84,-40.8,-90.55,,,,"",,,,"",,,,"",,,,"",,,,"",,,,"",,,,"",,,,"",,,,3012.744,-0.301,-37.214,,,,,,,,,,,,,,,,,,,,,,,,,,,,,,,,,,,,,,,,,,,,,,,,,,,,"",0,0,"",,,,0,""
46,,5,0,4,3,0,1,2,1,0,0,11,255,255,79,3023.025,"まととまと",R,13,73,112,3.042,0.637,0.665,2.025,1.992,2.387,-36.397,59.566,93,7,0,1,-390.434,312.348,-9.727,0,0,3,5,R,"ByeolBam",175.4,90,0.5,,79,W,Y,0,,,,,,,,,,,,,,,,,,,,,,,,,,,,0,0,,,,,,,,,,,,,,,,,,,,,,,,,,,,,,,,,,,,,,0.265,-37.3,0.006,-17.398,-18.788,-43.481,-10.662,-57.15,19.247,-45.055,8.993,-61.321,40.9,-90.65,0,-109.84,-40.8,-90.55,,,,"",,,,"",,,,"",,,,"",,,,"",,,,"",,,,"",,,,"",,,,3028.512,-0.247,-37.144,,,,,,,,,,,,,,,,,,,,,,,,,,,,,,,,,,,,,,,,,,,,,,,,,,,,"",0,0,"",,,,0,""
47,,5,0,4,3,1,1,2,1,0,0,11,255,255,80,3035.216,"まととまと",R,3,80,117,1.963,-0.659,0.554,1.766,1.647,1.357,-36.397,32.214,92,8,0,4,-486.88,113.788,-24.707,0,0,3,5,R,"ByeolBam",175.4,90,0.5,,79,W,Y,1,,,,,,,,,,,,,,,,,,,,,,,,,,,,0,0,,,,,,,,,,,,3041.425,,,,,,,,,,,,,,,,,,,,,,,,,,0.21,-37.32,0.095,-17.224,-18.066,-43.055,-10.546,-57.273,19.299,-44.889,9.014,-61.314,40.9,-90.65,0,-109.84,-40.8,-90.55,,,,"",,,,"",,,,"",,,,"",,,,"",,,,"",,,,"",,,,"",,,,3044.545,-0.535,-37.594,,,,,,,,,,,,,,,,,,,,,,,,,,,,,,,,,,,,,,,,,,,,,,,,,,,,"",0,0,"",,,,0,""
48,,5,0,4,3,1,2,2,1,0,0,11,255,255,81,3052.509,"まととまと",R,26,84,136,-0.4,1.62,0.215,2.102,0.029,2.359,-36.397,45.946,87,13,0,1,-153.419,-179.338,11.278,0,0,3,5,R,"ByeolBam",175.4,90,0.5,,82,W,Y,0,,,,,,,,,,,,,,,,,,,,,,,,,,,,0,0,,,,,,,,,,,,,,,,,,,,,,,,,,,,,,,,,,,,,,-0.099,-37.332,0.039,-17.209,-18.238,-42.88,-10.395,-57.127,19.101,-45.09,8.967,-61.358,40.9,-90.65,0,-109.84,-40.8,-90.55,,,,"",,,,"",,,,"",,,,"",,,,"",,,,"",,,,"",,,,"",,,,3056.676,-0.558,-37.389,,,,,,,,,,,,,,,,,,,,,,,,,,,,,,,,,,,,,,,,,,,,,,,,,,,,"",0,0,"",,,,0,""
49,,5,0,4,3,2,2,2,1,0,0,11,255,255,82,3067.695,"まととまと",R,27,84,137,1.728,1.56,0.407,2.075,0.753,2.382,-36.397,55.405,80,20,0,1,-9.841,-119.143,12.438,0,0,3,5,R,"ByeolBam",175.4,90,0.5,,82,W,Y,0,,,,,,,,,,,,,,,,,,,,,,,,,,,,0,0,,,,,,,,,,,,,,,,,,,,,,,,,,,,,,,,,,,,,,0.029,-37.273,0.082,-17.088,-18.246,-42.905,-10.4,-57.105,18.82,-45.28,8.82,-61.692,40.9,-90.65,0,-109.84,-40.8,-90.55,,,,"",,,,"",,,,"",,,,"",,,,"",,,,"",,,,"",,,,"",,,,3074.033,-0.328,-37.182,,,,,,,,,,,,,,,,,,,,,,,,,,,,,,,,,,,,,,,,,,,,,,,,,,,,"",0,0,"",,,,0,""
50,,5,0,4,3,3,2,2,1,0,0,11,255,255,83,3081.672,"まととまと",R,32,82,133,0.868,-0.382,0.209,1.715,0.042,1.179,-36.397,14.764,95,5,0,0,250,-200,-42.244,0,0,3,5,R,"ByeolBam",175.4,90,0.5,,82,W,Y,1,,,,,,,,,,,,,,,,,,,,,,,,,,,,0,0,,,,,,,,,,,,3082.309,,,3084.21,3,,578,0,,,,,,,,,,,,,,,,,,,-0.012,-37.235,-0.115,-16.986,-18.407,-42.722,-10.611,-57.255,19.528,-46.336,8.368,-61.73,40.9,-90.65,0,-109.84,-40.8,-90.55,,,,"",,,,"",,,,"",,,,"",,,,"",,,,"",,,,"",,,,"",,,,,,,,,,,,,,,,,,,,,,,,,,,,,,,,,,,,,,,,,,,,,,,,,,,,,,,,,,"",0,0,"",,,,0,""
51,SIDE,5,0,4,3,0,0,2,1,0,0,11,255,255,,3085.936,,,,,,,,,,,,,,,,,,,,,,,4,,,,,,,,,,,,,,,,,,,,,,,,,,,,,,,,,,,,,,,0,0,,,,,,,,,,,,,,,3110.498,2,,456,36,,,,,,,,,,,,,,,,,,,,,,,,,,,,,,,,,,,,,,,,,,,,,,,,,,,,,,,,,,,,,,,,,,,,,,,,,,,,,,,,,,,,,,,,,,,,,,,,,,,,,,,,,,,,,,,,,,,,,,,,,,,,,,"",1,0,"",,,,0,""
52,,6,1,4,3,0,0,0,0,0,0,255,255,255,46,3133.286,"CAT tourniquet",L,26,88,140,-0.391,-0.157,-0.451,1.947,-0.226,1.306,-36.67,32.089,85,15,0,2,54.463,-200,-36.139,0,0,2,1,R,"うよすま",175.4,84.991,0.5,5,49,W,Y,1,3134.348,224,115,161,82,32,145,129,14.241,13.169,-0.148,0.867,-20.005,0.63,0,0.48,102.258,590.435,-30.501,3138.202,-37.322,-120.745,3140.28,8,-35.204,0.054,-116.198,1,0,,3140.354,3145.094,,,,,,,,,,,,,,,,,,,,,,,,,,,,,,,,,,,-0.076,-37.693,-0.05,-17.398,-20.922,-46.662,-16.874,-62.309,19.44,-49.318,14.149,-64.27,40.915,-90.664,0,-109.85,-40.815,-90.564,-0.47,-37.112,,"ddil_ddil69",0.052,-17.388,,"Pring__",-20.544,-46.129,,"muyang_",-16.865,-62.315,,"SUGUN",19.279,-49.212,,"ByeolBam",12.717,-64.781,87,"AI",40.9,-90.65,,"AI",0,-109.84,,"AI",-40.8,-90.55,,3148.207,-0.108,-38.032,,,,,,,,,,,,,3144.849,-0.845,-60.696,,,,,,,,,,,,,,,,,,,,,,,,,3147.205,-0.83,-53.165,,,,,,,,,,"",2,0,"AI",3145.094,,,40,""
53,,6,1,4,3,0,0,0,0,1,0,255,1,255,47,3164.022,"CAT tourniquet",L,26,67,120,-1.757,0.003,-0.535,1.975,-0.616,1.423,-36.67,35.51,86,14,0,4,-80.158,-168.255,-9.88,0,0,3,2,R,"-라후이-",190,87.311,0.496,,77,W,Y,1,,,,,,,,,,,,,,,,,,,,,,,,,,,,0,0,,,,,,,,,3167.17,,,,,,,,,,,,,,,,,,,,,,,,,,,,,-0.092,-37.803,-0.018,-17.079,-21.606,-47.967,-16.178,-60.366,19.018,-43.522,11.022,-63.064,40.915,-90.664,0,-109.86,-40.815,-90.564,,,93,"",,,,"",,,,"",,,,"",,,,"",,,,"",,,,"",,,,"",,,,3172.322,-0.221,-37.306,,,,,,,,,,,,,,,,,,,,,,,,,3186.69,0.187,-39.017,,,,,,,,,,,,,,,,,,,,,,,,,"",0,0,"",,3167.17,,0,""
54,,6,1,4,3,0,1,0,0,0,1,255,255,1,48,3206.699,"CAT tourniquet",L,26,97,140,-1.183,-0.917,-0.519,1.796,-0.545,0.846,-36.67,26.31,45,55,0,0,33.145,-200,-18.149,0,0,3,2,R,"-라후이-",190,87.311,0.496,,77,W,Y,1,,,,,,,,,,,,,,,,,,,,,,,,,,,,0,0,,,,,,,,,,,,,,3233.099,,,,,,,,,,,,,,,,,,,,,,,,-0.1,-37.788,-0.052,-16.914,-21.791,-47.589,-16.689,-62.517,20.182,-41.333,12.062,-65.021,40.907,-90.657,0,-109.85,-40.807,-90.557,,,,"",,,,"",,,,"",,,,"",,,,"",,,,"",,,,"",,,,"",,,,3214.953,0.041,-37.902,,,,,,,,,,,,,,,,,,,,,,,,,,,,,,,,,,,,,,,,,,,,,,,,,,,,"",0,0,"",,3209.956,,0,""
55,,6,1,4,3,0,2,0,0,0,1,255,255,1,49,3246.747,"CAT tourniquet",L,26,99,140,-0.401,-1.926,-0.403,1.602,-0.004,0.215,-36.67,13.601,34,66,0,1,-152.484,-200,-70.779,-0.077,-18.383,3,2,R,"-라후이-",190,87.311,0.496,,77,W,Y,0,,,,,,,,,,,,,,,,,,,,,,,,,,,,0,0,,,,,,,,,,,,,,3266.84,,,,,,,,,,,,,,,,,,,,,,,,-0.164,-37.603,-0.036,-16.903,-21.707,-46.873,-16.574,-61.644,20.041,-41.134,13.925,-64.027,40.937,-90.684,0,-109.88,-40.837,-90.584,,,,"",,,,"",,,,"",,,,"",,,,"",,,,"",,,,"",,,,"",,,,3255.084,-0.557,-36.628,,,,,,,,,,,,,,,,,,,,,,,,,,,,,,,,,,,,,,,,,,,,,,,,,,,,"",0,0,"",,3253.424,,0,""
56,,6,1,4,3,1,2,0,0,0,1,255,255,1,50,3267.087,"CAT tourniquet",L,26,97,140,2.576,-0.684,-0.17,1.856,1.081,1.04,-36.67,13.076,96,4,0,4,-37.309,-200,-50.077,-0.542,-21.322,3,2,R,"-라후이-",190,87.311,0.496,,77,W,Y,1,,,,,,,,,,,,,,,,,,,,,,,,,,,,0,0,,,,,,,,,,,,,,3285.299,3269.589,3,,578,0,,,,,,,,,,,,,,,,,,,-0.129,-37.652,-0.019,-17.311,-21.324,-46.704,-16.668,-61.762,19.331,-44.822,14.484,-63.822,40.915,-90.664,0,-109.85,-40.815,-90.564,,,,"",,,,"",,,,"",,,,"",,,,"",,,,"",,,,"",,,,"",,,,3279.858,-0.424,-38.15,,,,,,,,,,,,,,,,,,,,,,,,,,,,,,,,,,,,,,,,,,,,,,,,,,,,"",0,0,"",,3285.778,,0,""
57,,6,1,4,3,0,0,1,0,0,1,255,255,1,51,3290.827,"CAT tourniquet",L,29,67,120,2.354,0.248,-0.299,1.97,0.482,1.393,-36.67,24.327,100,0,0,2,208.323,-158.599,-8.829,0,0,4,0,R,"まととまと",179.8,89.79,0.449,3,76,W,Y,1,3292.011,183,66,182,109,48,145,88,12.059,-2.857,0.42,1.047,-20.52,-0.75,0.143,0.128,260.506,199.123,502.48,3294.591,1.391,-75.318,3296.38,7,-0.537,0.059,-92.077,1,0,,3297.745,,,,,,,,,3297.457,,,,,,,,,,,,,,,,,,,,,,,,,,,-0.106,-37.888,0.08,-16.885,-21.642,-46.764,-16.574,-62.326,19.661,-41.078,12.722,-64.405,40.915,-90.664,0,-109.86,-40.815,-90.564,-0.853,-37.337,,"ddil_ddil69",0.125,-17.118,,"Pring__",-21.049,-45.913,,"muyang_",-16.565,-62.169,80,"SUGUN",19.434,-46.59,,"ByeolBam",12.724,-64.403,,"AI",40.9,-90.65,,"AI",0,-109.84,,"AI",-40.8,-90.55,,3303.784,-0.007,-38.704,,,,,,,3299.601,0.026,-60.734,,,,,,,,,,,,,,,,,,,,,,,,,3302.675,0.097,-56.081,,,,,,,,,,,,,,,,"",2,0,"AI",,,3297.457,48,""
58,,6,1,5,3,0,0,1,1,0,0,0,255,255,52,3322.255,"CAT tourniquet",L,26,93,140,-1.856,-0.584,-0.575,1.876,-0.802,1.057,-36.67,22.033,95,5,0,4,8.593,-200,9.271,0,0,5,3,R,"Gonyong",175,80,0.2,,76,W,Y,1,,,,,,,,,,,,,,,,,,,,,,,,,,,,0,0,,,,,,3325.446,,,,,,,,,,,,,,,,,,,,,,,,,,,,,,,,-0.174,-37.777,-0.021,-17.144,-19.558,-39.799,-13.295,-57.816,19.52,-45.886,12.667,-65.219,40.922,-90.671,0,-109.86,-40.822,-90.571,,,,"",,,,"",,,,"",,,,"",,,,"",,,,"",,,,"",,,,"",,,,3332.141,-0.217,-38.369,,,,,,,,,,,,,,,,,,,,,,,,,,,,,,,,,,,,,,,,,,,,,,,,,,,,"",0,0,"",3325.446,,,0,""
59,,6,1,5,3,0,1,1,0,1,0,255,0,255,53,3344.277,"CAT tourniquet",L,29,79,129,2.159,-2.731,-0.272,1.551,0.604,-0.087,-36.67,17.103,56,44,0,1,250,200,32.768,0.336,-21.585,5,3,R,"Gonyong",175,80,0.2,,45,W,Y,0,,,,,,,,,,,,,,,,,,,,,,,,,,,,0,0,,,,,,,,,3347.527,,,,,,,,,,,,,,,,,,,,,,,,,,,,,-0.134,-37.726,0.008,-17.238,-20.943,-45.793,-15.335,-61.344,20.038,-45.259,7.685,-61.475,40.915,-90.664,0,-109.85,-40.815,-90.564,,,,"",,,,"",,,,"",,,,"",,,,"",,,,"",,,,"",,,,"",,,,3352.653,0.179,-37.555,,,,,,,,,,,,,,,,,,,,,,,,,,,,,,,,,,,,,,,,,,,,,,,,,,,,"",0,0,"",,3347.527,,0,""
60,,6,1,5,3,1,1,1,0,0,1,255,255,0,54,3369.342,"CAT tourniquet",L,26,93,140,-0.94,-0.23,-0.459,1.936,-0.266,1.268,-36.67,15.231,89,11,0,2,-40.311,-200,-19.228,0,0,5,3,R,"Gonyong",175,80,0.2,0,45,W,Y,1,3370.317,15,4,42,28,10,7,38,109.859,-72.131,-0.331,0.825,-20.142,1,1,0.509,-183.425,561.762,-103.82,3373.668,-17.403,-14.262,,,,,,0,0,,,,,,,,,,,,,,3378.008,,,,,,,,,,,,,,,,,,,,,,,,-0.228,-37.672,-0.045,-17.328,-21.84,-46.922,-14.839,-61.555,19.81,-48.205,9.723,-60.485,40.915,-90.664,0,-109.86,-40.815,-90.564,-0.664,-37.331,,"ddil_ddil69",-0.053,-17.571,,"Pring__",-20.59,-45.144,,"muyang_",-14.846,-61.547,,"SUGUN",19.674,-48.088,,"ByeolBam",8.419,-61.24,,"AI",40.9,-90.65,,"AI",0,-109.84,,"AI",-40.8,-90.55,,,,,,,,,,,,,,,,,,,,,,,,,,,,,,,,,,,,,,,,,,,,,,,,,,,,,,,,"",3,0,"",,3374.696,,0,""
61,,6,1,5,3,1,2,1,0,0,1,255,255,0,55,3392.631,"CAT tourniquet",L,26,90,140,-0.738,-1.209,-0.427,1.773,-0.113,0.696,-36.67,11.743,39,61,0,2,-148.326,-200,-29.289,0,0,5,3,R,"Gonyong",175,80,0.2,5,45,W,Y,1,3393.707,204,171,149,90,21,145,119,-4.363,54.307,-0.162,0.5,-20.174,0.81,0.19,0.221,-124.914,476.888,-342.016,3393.602,-4.24,-23.07,,,,,,0,0,,,,,,,,,,,,,,3393.04,,,,,,,,,,,,,,,,,,,,,,,,-0.174,-37.771,0.014,-17.539,-21.214,-46.577,-16.56,-61.924,19.719,-47.065,8.804,-60.052,40.915,-90.664,0,-109.85,-40.815,-90.564,-0.571,-37.128,,"ddil_ddil69",-0.089,-17.538,,"Pring__",-20.653,-45.817,,"muyang_",-16.568,-61.906,,"SUGUN",19.877,-48.738,,"ByeolBam",9.699,-61.416,,"AI",40.9,-90.65,,"AI",0,-109.84,,"AI",-40.8,-90.55,,,,,,,,,,,,,,,,,,,,,,,,,,,,,,,,,,,,,,,,,,,,,,,,,,,,,,,,"",3,0,"",,3397.769,,0,""
62,,6,1,5,3,1,2,1,0,0,1,255,255,0,56,3410.457,"CAT tourniquet",L,26,75,126,-1.27,-1.056,-0.457,1.792,-0.255,0.76,-36.67,11.778,42,58,0,2,-185.383,-200,-34.54,0,0,5,3,R,"Gonyong",175,80,0.2,5,45,W,Y,1,3411.584,233,142,135,131,88,145,84,-12.435,-11.137,-0.233,0.629,-20.746,1,0.095,0.243,-486.716,207.053,-283.262,3411.435,0.229,-23.121,3413.513,5,7.048,0.06,-56.163,1,32,,3416.99,,,,,,,,,3415.649,,,,3423.064,5,1,275,28,,,,,,,,,,,,,,,,,,,-0.182,-37.717,-0.185,-17.615,-21.276,-46.937,-16.717,-62.499,20.633,-47.952,9.576,-62.332,40.907,-90.657,0,-109.85,-40.808,-90.557,-0.656,-37.314,,"ddil_ddil69",-0.082,-17.657,114,"Pring__",-20.398,-45.758,119,"muyang_",-16.594,-62.39,91,"SUGUN",20.59,-47.503,,"ByeolBam",10.566,-63.04,107,"AI",40.9,-90.65,,"AI",0,-109.84,,"AI",-40.8,-90.55,,3427.55,-2.981,-48.506,3416.074,-0.241,-20.61,3418.588,-19.094,-38.905,3420.889,-2.639,-57.174,,,,3413.768,7.164,-56.937,,,,,,,,,,,,,3417.555,-2.474,-22.195,3419.885,-16.747,-42.53,3421.801,-6.453,-53.3,,,,3414.552,5.734,-52.435,,,,,,,,,,"",2,0,"ByeolBam",,,3415.649,62,""
63,,6,1,6,3,0,0,2,0,0,0,255,255,255,57,3454.653,"CAT tourniquet",L,26,84,136,0.052,-0.237,-0.426,1.933,-0.108,1.246,-36.67,19.645,92,8,0,2,101.645,-200,-12.584,0,0,0,5,R,"CoalCat",169.5,82.838,0.435,5,75,W,Y,1,3455.701,231,110,98,84,51,145,87,63.579,-21.335,-0.009,0.888,-21.007,-0.77,0,0.428,547.306,223.353,102.808,3461.624,13.17,-56.939,3461.835,5,12.937,2.355,-56.177,0,0,,3460.991,,,,,,,,,,,,,3462.066,0,,454,0,,,,,,,,,,,,,,,,,,,-0.096,-37.673,-0.024,-17.363,-21.955,-47.74,-17.038,-62.222,18.169,-46.162,12.965,-63.99,40.93,-90.678,0,-109.87,-40.83,-90.577,-0.755,-37.385,,"ddil_ddil69",-0.044,-17.389,,"Pring__",-21.421,-47.042,,"muyang_",-17.166,-62.599,,"SUGUN",17.992,-46.127,,"ByeolBam",12.498,-64.067,,"AI",40.9,-90.65,,"AI",0,-109.84,,"AI",-40.8,-90.55,,,,,,,,,,,,,,,,,3462.074,13.006,-56.403,,,,,,,,,,,,,,,,,,,,,,,,,,,,,,,,,,,,,"",1,0,"ByeolBam",,,,8,""
64,SIDE,6,1,6,3,0,0,2,0,0,0,255,255,255,,3463.099,,,,,,,,,,,,,,,,,,,,,,,1,,,,,,,,,,,,,,,,,,,,,,,,,,,,,,,,,,,,,,,0,0,,,,,,,,,,,,,,,,,,,,,,,,,,,,,,,,,,,,,,,,,,,,,,,,,,,,,,,,,,,,,,,,,,,,,,,,,,,,,,,,,,,,,,,,,,,,,,,,,,,,,,,,,,,,,,,,,,,,,,,,,,,,,,,,,,,,,,,,,,,,,,,,,"",0,0,"",,,,0,""
65,,6,0,6,3,0,0,0,0,0,0,255,255,255,84,3508.866,"まととまと",R,26,90,140,-0.653,0.145,0.148,1.86,-0.095,1.482,-36.397,19.761,83,17,0,0,-154.487,-200,33.247,0,0,4,3,R,"muyang_",171,80,0.498,,75,W,Y,1,,,,,,,,,,,,,,,,,,,,,,,,,,,,0,0,,,,,,,,,,,,,,,,,,,,,,,,,,,,,,,,,,,,,,-0.051,-37.507,-0.012,-17.065,-18.87,-43.773,-12.824,-56.759,19.739,-45.712,9.672,-62.561,40.9,-90.65,0,-109.84,-40.8,-90.55,,,,"",,,,"",,,,"",,,,"",,,,"",,,,"",,,,"",,,,"",,,,,,,,,,,,,,,,,,,,,,,,,,,,,,,,,,,,,,,,,,,,,,,,,,,,,,,,,,"",0,0,"",,,,0,""
66,,6,0,6,3,0,1,0,0,0,0,255,255,255,85,3521.504,"まととまと",R,29,90,140,-1.073,-1.027,0.157,1.62,-0.202,0.825,-36.397,16.267,38,62,0,0,-250,-200,60.401,0,0,4,3,R,"muyang_",171,80,0.498,,75,W,Y,0,,,,,,,,,,,,,,,,,,,,,,,,,,,,0,0,,,,,,,,,,,,,,,,,,,,,,,,,,,,,,,,,,,,,,-0.111,-37.287,0.039,-17.191,-18.769,-43.6,-12.943,-56.791,19.107,-46.075,9.774,-62.328,40.9,-90.65,0,-109.84,-40.8,-90.55,,,,"",,,,"",,,,"",,,,"",,,,"",,,,"",,,,"",,,,"",,,,,,,,,,,,,,,,,,,,,,,,,,,,,,,,,,,,,,,,,,,,,,,,,,,,,,,,,,"",0,0,"",,,,0,""
67,,6,0,6,3,0,2,0,0,0,0,255,255,255,86,3536.701,"まととまと",R,33,63,117,1.795,0.927,0.359,1.989,0.532,2.033,-36.397,57.697,89,11,0,2,144.07,-71.331,-7.349,0,0,4,3,R,"muyang_",171,80,0.498,3,75,W,Y,0,3537.779,255,112,34,54,40,120,73,7.485,-34.55,0.423,1.171,-20.304,-0.55,0,0.219,-581.966,-73.142,126.356,3538.724,12.893,-38.211,3539.369,4,15.205,0.219,-41.88,0,0,,,,,,,,,,,,,,,3542.09,4,,147,2,,,,,,,,,,,,,,,,,,,-0.037,-37.434,-0.028,-17.177,-18.835,-43.697,-13.084,-56.726,19.133,-46.083,9.558,-62.397,40.9,-90.65,0,-109.84,-40.8,-90.55,-0.307,-36.551,,"うよすま",-0.022,-17.195,,"-라후이-",-18.842,-43.674,89,"Gonyong",-12.974,-56.353,,"소솨소솨",19.017,-45.987,120,"CoalCat",9.551,-62.258,,"AI",40.903,-90.652,,"AI",0,-109.843,,"AI",-40.803,-90.552,,3544.313,-0.884,-37.836,,,,3541.524,-18.98,-39.361,,,,3539.602,16.142,-42.682,,,,,,,,,,,,,,,,,,,3543.362,-17.737,-39.528,,,,3540.228,12.733,-42.06,,,,,,,,,,,,,"",2,0,"소솨소솨",,,,26,""
68,,6,0,6,3,0,0,1,0,0,0,255,255,255,87,3560.13,"まととまと",R,6,70,100,-0.82,0.908,-0.16,2.118,-1.166,2.185,-36.397,41.272,82,18,0,0,389.055,0,25.688,0,0,5,0,L,"CAT tourniquet",190,80,0.547,,74,W,Y,0,,,,,,,,,,,,,,,,,,,,,,,,,,,,0,0,,,,,,,,,,,,,,,,,,,,,,,,,,,,,,,,,,,,,,-0.221,-37.493,-0.094,-17.024,-18.879,-45.14,-6.346,-66.194,19.632,-45.009,12.222,-62.471,40.9,-90.65,0,-109.84,-40.8,-90.55,,,,"",,,,"",,,,"",,,,"",,,,"",,,,"",,,,"",,,,"",,,,3569.785,-0.537,-38.106,,,,,,,,,,,,,,,,,,,,,,,,,,,,,,,,,,,,,,,,,,,,,,,,,,,,"",0,0,"",,,,0,""
69,,6,0,6,3,0,1,1,0,0,0,255,255,255,88,3579.349,"まととまと",R,14,82,107,-1.817,-0.567,-0.218,1.886,-1.457,1.654,-36.397,20.137,84,16,0,2,376.914,316.004,54.569,0,0,5,0,L,"CAT tourniquet",190,80,0.547,3,74,W,Y,1,3580.548,202,126,158,96,79,145,87,-11.617,38.723,-0.475,0.812,-21.114,1,0,0.248,-337.998,-422.887,258.697,3580.479,-3.04,-24.349,3581.813,2,-16.574,0.056,-41.648,0,0,,,,,,,,,,,,,,,3583.519,5,,147,0,,,,,,,,,,,3582.934,2,,,,,,,-0.247,-37.531,-0.225,-16.918,-18.801,-45.2,-5.86,-67.138,19.433,-45.277,12.296,-62.812,40.9,-90.65,0,-109.84,-40.8,-90.55,-0.755,-37.502,,"うよすま",-0.249,-16.939,,"-라후이-",-18.706,-45.246,120,"Gonyong",-5.624,-66.838,,"소솨소솨",19.336,-45.155,,"CoalCat",12.391,-62.656,,"AI",40.903,-90.653,,"AI",0,-109.843,,"AI",-40.803,-90.553,,,,,,,,3582.099,-16.988,-42.115,,,,,,,,,,,,,,,,,,,,,,,,,3583.868,-16.561,-35.202,,,,,,,,,,,,,,,,,,,"",2,0,"-라후이-",,,,8,""
70,,6,0,6,3,0,0,2,0,0,0,255,255,255,89,3599.8,"まととまと",R,10,76,105,-1.703,-2.529,0.016,1.419,-0.744,0.097,-36.397,18.04,45,55,0,1,0,400,57.811,-0.288,-21.796,0,4,R,"SUGUN",190,82.092,0.496,,74,W,Y,0,,,,,,,,,,,,,,,,,,,,,,,,,,,,0,0,,,,,,,,,,,,,,,,,,,,,,,,,,,,,,,,,,,,,,-0.157,-37.301,0.012,-16.747,-18.39,-44.289,-12.919,-59.36,18.548,-46.13,8.663,-63.447,40.9,-90.65,0,-109.84,-40.8,-90.55,,,,"",,,,"",,,,"",,,,"",,,,"",,,,"",,,,"",,,,"",,,,,,,,,,,,,,,,,,,,,,,,,,,,,,,,,,,,,,,,,,,,,,,,,,,,,,,,,,"",0,0,"",,,,0,""
71,,6,0,6,3,1,0,2,0,0,0,255,255,255,90,3615.018,"まととまと",R,0,46,90,0.801,1.252,0.334,2.236,0.338,2.406,-36.397,47.449,92,8,0,2,0,0,2.78,0,0,0,4,R,"SUGUN",190,82.092,0.496,0,74,W,Y,1,3616.513,255,40,63,17,9,129,134,30.643,5.58,0.142,1.44,-19.902,0.5,0,0.237,543.626,-84.091,-239.581,3623.535,-7.831,-139.861,,,,,,0,0,,3622.185,3627.107,3632.543,3637.943,,,,,,,,,,,,,,,,,,,,,,,,,,,,,,,,,0,-37.281,0.042,-16.697,-18.496,-44.642,-12.859,-59.259,20.331,-46.293,8.674,-63.411,40.916,-90.665,0,-109.85,-40.809,-90.558,-0.252,-36.879,,"うよすま",0.018,-16.679,,"-라후이-",-18.218,-45.107,,"Gonyong",-12.788,-59.091,,"소솨소솨",19.53,-46.185,,"CoalCat",8.769,-63.283,,"AI",40.9,-90.65,,"AI",0,-109.85,,"AI",-40.8,-90.55,,,,,,,,,,,,,,,,,,,,,,,,,,,,,,,,,,,,,,,,,,,,,,,,,,,,,,,,"",4,0,"",3627.107,3632.543,,0,""
72,,6,0,6,4,0,0,2,0,0,0,255,255,255,91,3659.629,"まととまと",R,0,0,0,0,0,0,0,0,0,0,0,0,0,0,0,0,0,0,0,0,1,2,L,"Pring__",190,93.089,0.485,,74,W,Y,0,,,,,,,,,,,,,,,,,,,,,,,,,,,,0,0,,,,,,,,,,,,,,,,,,,,,,,,,,,,,,,,,,,,,,-0.197,-37.825,0.452,-17.957,-11.208,-42.83,-10.305,-62.588,14.889,-44.008,12.18,-61.61,40.9,-90.65,0,-109.84,-40.8,-90.55,,,,"",,,,"",,,,"",,,,"",,,,"",,,,"",,,,"",,,,"",,,,,,,,,,,,,,,,,,,,,,,,,,,,,,,,,,,,,,,,,,,,,,,,,,,,,,,,,,"",0,0,"",,,,0,""
73,,6,0,6,4,0,0,2,0,0,0,255,255,255,92,3691.007,"まととまと",R,3,66,108,-0.653,1.832,0.334,2.098,0.555,2.764,-36.397,78.194,90,10,0,2,-460.231,0,-1.346,0,0,1,2,L,"Pring__",190,93.089,0.485,3,74,W,Y,0,3692.193,255,86,114,91,52,145,130,104.243,69.206,-0.131,1.714,-20.032,0.33,0,0.332,516.331,172.525,252.265,,,,,,,,,0,0,,,,,,,,,,,,,,,,,,,,,,,,,,,,,,,,,,,,,,0.05,-37.666,-0.232,-16.982,-18.116,-43.228,-11.98,-63.875,20.837,-44.893,11.545,-61.872,40.915,-90.664,0,-109.85,-40.815,-90.564,-0.284,-36.503,,"うよすま",-0.233,-16.969,,"-라후이-",-18.092,-43.246,,"Gonyong",-12.438,-63.682,,"소솨소솨",20.403,-45.229,,"CoalCat",11.511,-61.81,,"AI",40.9,-90.65,,"AI",0,-109.84,,"AI",-40.8,-90.55,,,,,,,,,,,,,,,,,,,,,,,,,,,,,,,,,,,,,,,,,,,,,,,,,,,,,,,,"",3,0,"",,,,0,""
74,,6,0,6,4,0,1,2,0,0,0,255,255,255,93,3704.668,"まととまと",R,14,73,100,3.385,-0.277,0.456,1.997,0.705,1.914,-36.397,36.113,83,17,0,2,354.94,312.348,41.63,0,0,1,2,L,"Pring__",190,93.089,0.485,3,74,W,Y,0,3705.803,255,143,86,100,79,145,87,-30,-61.663,0.584,1.02,-21.059,1,0,0.686,-103.991,402.898,432.272,3705.624,3.511,-22.649,,,,,,0,0,,,,,,,,,,,,,,,,,,,,,,,,,,,,,,,,,,,,,,0.138,-37.704,0.169,-17.103,-18.298,-43.45,-12.394,-63.771,20.457,-44.807,11.644,-63.044,40.915,-90.664,0,-109.85,-40.815,-90.564,-0.027,-37.039,,"うよすま",0.184,-17.094,,"-라후이-",-18.304,-43.38,,"Gonyong",-12.524,-63.468,,"소솨소솨",20.524,-44.719,,"CoalCat",11.718,-62.88,,"AI",40.9,-90.65,,"AI",0,-109.84,,"AI",-40.8,-90.55,,,,,,,,,,,,,,,,,,,,,,,,,,,,,,,,,,,,,,,,,,,,,,,,,,,,,,,,"",3,0,"",,,,0,""
75,,6,0,6,4,0,2,2,0,0,0,255,255,255,94,3722.685,"まととまと",R,10,93,117,-5.641,-2.161,-0.324,1.273,-2.404,-0.194,-36.397,14.128,46,54,0,3,-83.599,400,1.58,-0.94,-23.156,1,2,L,"Pring__",190,93.089,0.485,,74,W,Y,0,,,,,,,,,,,,,,,,,,,,,,,,,,,,0,0,,,,,,,,,,,,,,,,,,,,,,,,,,,,,,,,,,,,3726.873,1,-0.227,-37.229,-0.215,-16.954,-16.889,-44.381,-12.443,-63.718,20.149,-44.581,12.967,-63.527,40.9,-90.65,0,-109.84,-40.8,-90.55,,,,"",,,,"",,,,"",,,,"",,,,"",,,,"",,,,"",,,,"",,,,,,,,,,,,,,,,,,,,,,,,,,,,,,,,,,,,,,,,,,,,,,,,,,,,,,,,,,"",6,0,"",,,,0,""
76,,6,0,6,4,2,2,2,0,0,0,255,255,255,95,3773.867,"Gonyong",R,13,69,109,2.076,-0.079,0.664,1.816,1.682,2.019,-37.094,63.501,80,17,3,2,-386.885,312.348,-0.921,0,0,1,2,L,"Pring__",190,93.089,0.485,3,74,W,Y,0,3774.91,255,143,76,124,64,145,111,25.514,-32.09,0.44,1.059,-20.817,0.88,0,0.764,249.057,-470.965,-275.975,3779.369,62.353,-96.426,3781.024,6,64.734,0.286,-99.877,1,0,,3781.561,3786.002,,,,,,,,,,,,,,,,,,,,,,,,,,,,,,,,,,,-0.001,-37.782,-0.03,-16.81,-19.379,-44.217,-12.831,-65.076,19.957,-44.594,12.342,-62.795,40.915,-90.664,0,-109.85,-40.815,-90.564,-0.1,-37.421,,"うよすま",-0.035,-16.827,,"-라후이-",-18.868,-43.343,,"まととまと",-12.921,-64.929,79,"소솨소솨",19.302,-44.746,,"CoalCat",12.242,-62.764,,"AI",40.9,-90.65,,"AI",0,-109.84,,"AI",-40.8,-90.55,,3790.583,-0.147,-38.537,,,,,,,3786.248,-0.202,-58.87,,,,,,,,,,,,,,,,,,,,,,,,,3789.467,-1.008,-56.013,,,,,,,,,,,,,,,,"",2,0,"AI",3786.002,,,48,""
77,,6,0,6,4,0,0,2,0,1,0,255,12,255,96,3803.575,"Gonyong",R,3,67,109,1.155,0.684,0.598,1.805,1.375,2.01,-37.094,62.366,77,23,0,0,-432.957,0,0.813,0,0,2,1,R,"ddil_ddil69",176.4,89.899,0.397,,76,W,Y,0,,,,,,,,,,,,,,,,,,,,,,,,,,,,0,0,,,,,,,,,,,,,3818.206,,,,,,,,,,,,,,,,,,,,,,,,,0.029,-37.712,0.003,-16.99,-18.896,-43.255,-13.05,-64.669,19.062,-44.815,9.452,-60.494,40.915,-90.664,0,-109.86,-40.815,-90.564,,,,"",,,,"",,,,"",,,,"",,,,"",,,,"",,,,"",,,,"",,,,3808.699,-0.025,-37.616,,,,,,,,,,,,,,,,,,,,,,,,,,,,,,,,,,,,,,,,,,,,,,,,,,,,"",0,0,"",,,,0,""
78,,6,0,6,4,0,1,2,0,1,0,255,12,255,97,3820.274,"Gonyong",R,13,63,93,1.57,-0.924,0.761,1.728,1.425,1.711,-37.094,62.019,85,15,0,1,-312.949,336.133,-15.883,0,0,2,1,R,"ddil_ddil69",176.4,89.899,0.397,,76,W,Y,0,,,,,,,,,,,,,,,,,,,,,,,,,,,,0,0,,,,,,,,,,,,,3835.218,,,,,,,,,,,,,,,,,,,,,,,,,0.08,-37.647,-0.071,-16.934,-18.509,-43.101,-13.044,-64.502,18.91,-45.438,9.427,-60.564,40.915,-90.664,0,-109.86,-40.815,-90.564,,,,"",,,,"",,,,"",,,,"",,,,"",,,,"",,,,"",,,,"",,,,3826.587,-0.467,-37.788,,,,,,,,,,,,,,,,,,,,,,,,,,,,,,,,,,,,,,,,,,,,,,,,,,,,"",0,0,"",3822.66,,,0,""
79,,6,0,6,4,1,1,2,0,1,0,255,12,255,98,3835.415,"Gonyong",R,13,77,103,-2.33,-2.235,0.205,1.376,-0.3,0.893,-37.094,25.485,41,59,0,1,-335.221,349.047,1.185,0,0,2,1,R,"ddil_ddil69",176.4,89.899,0.397,,76,W,Y,0,,,,,,,,,,,,,,,,,,,,,,,,,,,,0,0,,,,,,,,,,,,,3851.785,,,,,,,,,,,,,,,,,,,,,,,,,-0.108,-37.716,0.011,-17.172,-18.515,-43.103,-12.853,-64.73,19.723,-45.671,6.512,-60.811,40.907,-90.657,0,-109.85,-40.807,-90.557,,,,"",,,,"",,,,"",,,,"",,,,"",,,,"",,,,"",,,,"",,,,3841.161,-0.313,-37.636,,,,,,,,,,,,,,,,,,,,,,,,,,,,,,,,,,,,,,,,,,,,,,,,,,,,"",0,0,"",3838.479,,,0,""
80,,6,0,6,4,2,1,2,0,1,0,255,12,255,99,3852.25,"Gonyong",R,13,69,97,-1.802,-1.008,0.303,1.676,0.004,1.592,-37.094,30.309,95,5,0,4,-343.106,314.022,-2.011,0,0,2,1,R,"ddil_ddil69",176.4,89.899,0.397,,76,W,Y,1,,,,,,,,,,,,,,,,,,,,,,,,,,,,0,0,,,,,,,,,,,,,3864.779,,,,,,,,,,,,,,,,,,,,,,,,,-0.067,-37.921,-0.076,-17.119,-18.586,-46.69,-16.705,-58.797,19.484,-45.002,6.462,-61.112,40.915,-90.664,0,-109.85,-40.815,-90.564,,,,"",,,,"",,,,"",,,,"",,,,"",,,,"",,,,"",,,,"",,,,3858.241,-0.477,-38.101,,,,,,,,,,,,,,,,,,,,,,,,,,,,,,,,,,,,,,,,,,,,,,,,,,,,"",0,0,"",3855.509,,,0,""
81,,6,0,6,4,2,2,2,0,1,0,255,12,255,100,3868.535,"Gonyong",R,26,87,140,-0.623,0.127,0.218,1.655,-0.39,1.485,-37.094,36.586,82,13,4,2,77.175,-192.722,12.382,0,0,2,1,R,"ddil_ddil69",176.4,89.899,0.397,5,44,W,Y,1,3869.747,111,125,124,79,54,137,129,102.115,-8.907,-0.118,0.979,-20.246,0.51,0,0.587,596.282,62.996,21.905,,,,,,,,,0,0,,,,,,,,,,,,,3880.61,,,,,,,,,,,,,,,,,,,,,,,,,-0.134,-37.576,-0.004,-17.171,-18.014,-44.402,-13.394,-63.973,19.528,-44.557,6.469,-61.309,40.915,-90.664,0,-109.85,-40.815,-90.564,-0.41,-37.44,,"うよすま",-0.058,-17.153,,"-라후이-",-17.983,-44.296,,"まととまと",-13.309,-64.147,,"소솨소솨",19.358,-44.524,,"CoalCat",7.675,-61.754,,"AI",40.9,-90.65,,"AI",0,-109.84,,"AI",-40.8,-90.55,,,,,,,,,,,,,,,,,,,,,,,,,,,,,,,,,,,,,,,,,,,,,,,,,,,,,,,,"",3,0,"",3873.786,,,0,""
82,,6,0,6,4,2,2,2,0,1,0,255,12,255,101,3884.152,"Gonyong",R,3,68,110,-0.918,-0.258,0.39,1.648,0.407,1.462,-37.094,47.931,93,7,0,0,-416.837,0,6.103,0,0,2,1,R,"ddil_ddil69",176.4,89.899,0.397,,44,W,Y,1,,,,,,,,,,,,,,,,,,,,,,,,,,,,0,4,,,,,,,,,,,,,,,3887.087,2,,578,0,,,,,,,,,,,,,,,,,,,-0.033,-37.625,0.049,-16.865,-18.699,-44.832,-12.991,-65.028,20.017,-44.642,5.382,-60.993,40.907,-90.657,0,-109.85,-40.807,-90.557,,,,"",,,,"",,,,"",,,,"",,,,"",,,,"",,,,"",,,,"",,,,,,,,,,,,,,,,,,,,,,,,,,,,,,,,,,,,,,,,,,,,,,,,,,,,,,,,,,"",0,0,"",,,,0,""
83,SIDE,6,0,6,4,0,0,2,0,1,0,255,12,255,,3889.089,,,,,,,,,,,,,,,,,,,,,,,3,,,,,,,,,,,,,,,,,,,,,,,,,,,,,,,,,,,,,,,0,0,,,,,,,,,,,,,,,,,,,,,,,,,,,,,,,,,,,,,,,,,,,,,,,,,,,,,,,,,,,,,,,,,,,,,,,,,,,,,,,,,,,,,,,,,,,,,,,,,,,,,,,,,,,,,,,,,,,,,,,,,,,,,,,,,,,,,,,,,,,,,,,,,"",0,0,"",,,,0,""
84,,7,1,6,4,1,0,0,0,0,0,255,255,255,58,4008.496,"ddil_ddil69",R,26,87,140,-0.513,-2.516,0.385,1.571,-0.247,-0.167,-36.679,27.281,48,52,0,1,7.698,-179.552,5.043,-0.095,-20.421,1,4,R,"소솨소솨",190,80,0.498,,76,W,Y,0,,,,,,,,,,,,,,,,,,,,,,,,,,,,0,0,,,,,,,,,,,,,,,,,,,,,,,,,,,,,,,,,,,,,,0.056,-37.405,0.005,-17.996,-21.883,-47.791,-16.51,-62.43,20.758,-49.59,13.043,-65.428,40.915,-90.664,0,-109.85,-40.815,-90.564,,,,"",,,,"",,,,"",,,,"",,,,"",,,,"",,,,"",,,,"",,,,,,,,,,,,,,,,,,,,,,,,,,,,,,,,,,,,,,,,,,,,,,,,,,,,,,,,,,"",0,0,"",,,,0,""
85,,7,1,6,4,2,0,0,0,0,0,255,255,255,59,4021.772,"ddil_ddil69",R,26,88,140,-1.658,-0.649,0.3,1.802,-0.764,1.039,-36.679,14.275,50,50,0,1,22.972,-173.558,4.808,0,0,1,4,R,"소솨소솨",190,80,0.498,,76,W,Y,0,,,,,,,,,,,,,,,,,,,,,,,,,,,,0,0,,,,,,,,,,,,,,,,,,,,,,,,,,,,,,,,,,,,,,0.033,-37.254,0.003,-17.893,-21.865,-47.78,-16.686,-62.628,20.287,-49.282,13.037,-65.428,40.907,-90.657,0,-109.85,-40.807,-90.557,,,,"",,,,"",,,,"",,,,"",,,,"",,,,"",,,,"",,,,"",,,,,,,,,,,,,,,,,,,,,,,,,,,,,,,,,,,,,,,,,,,,,,,,,,,,,,,,,,"",0,0,"",,,,0,""
86,,7,1,6,4,3,0,0,0,0,0,255,255,255,60,4037.87,"ddil_ddil69",R,10,74,115,-0.068,-0.931,0.472,1.942,-0.043,1.511,-36.679,31.423,86,14,0,0,0,400,1.383,0,0,1,4,R,"소솨소솨",190,80,0.498,,76,W,Y,1,,,,,,,,,,,,,,,,,,,,,,,,,,,,0,0,,,,,,,,,,,,,,,,,,,,,,,,,,,,,,,,,,,,,,0.109,-37.282,-0.015,-17.832,-21.9,-47.816,-16.945,-62.553,20.383,-49.384,13.042,-65.435,40.907,-90.657,0,-109.85,-40.807,-90.557,,,,"",,,,"",,,,"",,,,"",,,,"",,,,"",,,,"",,,,"",,,,,,,,,,,,,,,,,,,,,,,,,,,,,,,,,,,,,,,,,,,,,,,,,,,,,,,,,,"",0,0,"",,,,0,""
87,,7,1,6,4,3,1,0,0,0,0,255,255,255,61,4057.424,"ddil_ddil69",R,6,41,90,9.88,0.488,0.454,1.948,3.629,1.616,-36.679,53.366,100,0,0,1,387.739,-9.24,19.912,2.972,-14.117,1,4,R,"소솨소솨",190,80,0.498,,76,W,Y,0,,,,,,,,,,,,,,,,,,,,,,,,,,,,0,0,,4068.148,,,,,,,,,,,,,,,,,,,,,,,,,,,,,,,,,,,,-0.13,-37.167,-0.05,-17.805,-21.693,-47.48,-16.916,-62.811,20.674,-49.775,12.702,-65.37,40.915,-90.664,0,-109.85,-40.815,-90.564,,,,"",,,,"",,,,"",,,,"",,,,"",,,,"",,,,"",,,,"",,,,,,,,,,,,,,,,,,,,,,,,,,,,,,,,,,,,,,,,,,,,,,,,,,,,,,,,,,"",5,0,"",,,,0,""
88,,7,1,6,4,0,0,0,1,0,0,4,255,255,62,4081.159,"ddil_ddil69",R,26,82,134,-1.159,0.254,0.368,1.958,-0.447,1.536,-36.679,28.904,91,9,0,2,-48.16,-200,8.015,0,0,2,1,R,"うよすま",175.4,84.991,0.5,5,49,W,Y,1,4082.246,255,118,174,97,16,145,84,95.722,-55.456,-0.286,0.984,-20.245,1,0,0.548,9.223,440.785,406.968,4087.88,-12.149,-13.849,4088.08,1,-11.965,3.007,-14.013,0,32,,,,,,,,,,,,4081.289,,,4088.585,2,,450,0,,,,,,,,,,,,,,,,,,,0.034,-37.293,-0.057,-17.791,-18.049,-42.695,-10.661,-57.813,20.856,-50.188,9.597,-60.974,40.915,-90.664,0,-109.86,-40.815,-90.564,0.183,-36.78,,"CAT tourniquet",-0.067,-17.779,130,"Pring__",-17.331,-42.919,,"muyang_",-10.686,-57.824,,"SUGUN",20.946,-50.101,,"ByeolBam",9.867,-60.69,,"AI",40.9,-90.65,,"AI",0,-109.84,,"AI",-40.8,-90.55,,4094.36,-0.399,-37.998,4088.594,-11.787,-13.87,,,,,,,,,,,,,,,,,,,,,,,,,4093.478,-9.389,-22.654,,,,,,,,,,,,,,,,,,,,,,"",1,0,"CAT tourniquet",,,,36,""
89,,7,1,6,4,0,0,1,1,0,0,4,255,255,63,4113.221,"ddil_ddil69",R,10,66,110,1.958,1.569,0.529,2.311,0.837,3.114,-36.679,70.539,100,0,0,1,0,400,-3.311,0,0,3,2,R,"-라후이-",190,87.311,0.496,,75,W,Y,0,,,,,,,,,,,,,,,,,,,,,,,,,,,,0,0,,,,,,,,,,,,,,,,,,,,,,,,,,,,,,4116.698,2,,,,,,,0.04,-37.412,-0.022,-17.855,-17.663,-42.263,-13.778,-58.855,20.871,-50.103,10.341,-63.058,40.922,-90.671,0,-109.86,-40.822,-90.571,,,,"",,,,"",,,,"",,,,"",,,,"",,,,"",,,,"",,,,"",,,,4119.805,-1.057,-38.587,,,,,,,,,,,,,,,,,,,,,,,,,,,,,,,,,,,,,,,,,,,,,,,,,,,,"",0,0,"",,,,0,""
90,,7,1,6,4,1,0,1,1,0,0,4,255,255,64,4130.118,"ddil_ddil69",R,26,81,132,-0.021,1.1,0.452,2.16,-0.004,2.096,-36.679,44.639,85,15,0,1,-13.175,-200,-4.775,0,0,3,2,R,"-라후이-",190,87.311,0.496,,75,W,Y,0,,,,,,,,,,,,,,,,,,,,,,,,,,,,0,0,,,,,,,,,,,,4130.734,,,,,,,,,,,,,,,,,,,,,,,,,,0.037,-37.408,0.032,-17.892,-18.991,-40.792,-13.575,-60.537,20.603,-50.062,7.671,-60.762,40.907,-90.657,0,-109.85,-40.807,-90.557,,,,"",,,,"",,,,"",,,,"",,,,"",,,,"",,,,"",,,,"",,,,4136.5,-0.966,-38.305,,,,,,,,,,,,,,,,,,,,,,,,,,,,,,,,,,,,,,,,,,,,,,,,,,,,"",0,0,"",,,,0,""
91,,7,1,6,4,2,0,1,1,0,0,4,255,255,65,4147.346,"ddil_ddil69",R,26,89,140,0.961,0.947,0.552,2.103,0.408,2.015,-36.679,49.477,80,20,0,0,-5.143,-200,-9.816,0,0,3,2,R,"-라후이-",190,87.311,0.496,,75,W,Y,0,,,,,,,,,,,,,,,,,,,,,,,,,,,,0,0,,,,,,,,,,,,4157.969,,,,,,,,,,,,,,,,,,,,,,,,,,0.129,-37.43,0.041,-17.891,-19.604,-40.177,-14.04,-58.382,20.838,-50.329,8.89,-62.232,40.907,-90.657,0,-109.85,-40.807,-90.557,,,,"",,,,"",,,,"",,,,"",,,,"",,,,"",,,,"",,,,"",,,,4152.596,-0.199,-37.328,,,,,,,,,,,,,,,,,,,,,,,,,,,,,,,,,,,,,,,,,,,,,,,,,,,,"",0,0,"",,,,0,""
92,,7,1,6,4,2,1,1,1,0,0,4,255,255,66,4161.573,"ddil_ddil69",R,26,63,117,-0.732,0.094,0.402,1.94,-0.29,1.487,-36.679,32.228,100,0,0,2,-24.451,-163.236,-4.553,0,0,3,2,R,"-라후이-",190,87.311,0.496,3,75,W,Y,1,4162.528,153,103,128,58,42,145,116,106.068,-65.407,-0.172,1.071,-20.214,0.8,0,0.181,368.865,457.916,119.38,,,,,,,,,0,0,,,,,,,,,,,,4161.915,,,,,,,,,,,,,,,,,,,,,,,,,,0.071,-37.331,-0.002,-17.872,-17.569,-42.563,-14.099,-60.165,20.544,-50.433,8.061,-61.379,40.907,-90.657,0,-109.85,-40.807,-90.557,0.289,-36.792,,"CAT tourniquet",0.017,-17.849,,"Pring__",-17.201,-43.433,,"muyang_",-14.105,-60.144,,"SUGUN",20.832,-50.202,,"ByeolBam",8.356,-61.318,,"AI",40.9,-90.65,,"AI",0,-109.84,,"AI",-40.8,-90.55,,,,,,,,,,,,,,,,,,,,,,,,,,,,,,,,,,,,,,,,,,,,,,,,,,,,,,,,"",3,0,"",,,,0,""
93,,7,1,6,4,2,2,1,1,0,0,4,255,255,67,4178.596,"ddil_ddil69",R,14,66,109,-0.437,-0.767,0.319,1.959,-0.673,1.548,-36.679,29.831,95,5,0,2,250.826,319.713,-2.216,0,0,3,2,R,"-라후이-",190,87.311,0.496,3,75,W,Y,1,4179.604,129,100,114,85,45,139,130,26.585,26.622,-0.081,0.704,-20.272,0.64,0,0.142,501.554,302.616,-129.876,4184.68,-62.53,-125.166,,,,,,0,0,,4185.833,4191.132,4196.758,4201.814,4185.751,4190.966,4198.273,,,,4180.517,,,,,,,,,,,,,,,,,,,,,,,,,,-0.017,-37.439,-0.036,-17.943,-18.867,-39.821,-15.169,-60.428,20.834,-50.264,8.49,-63.782,40.915,-90.664,0,-109.85,-40.815,-90.564,0.323,-36.698,,"CAT tourniquet",-0.005,-17.932,,"Pring__",-17.772,-42.876,,"muyang_",-15.156,-60.405,,"SUGUN",20.878,-50.265,,"ByeolBam",8.481,-63.775,,"AI",40.9,-90.65,,"AI",0,-109.84,,"AI",-40.8,-90.55,,,,,,,,,,,,,,,,,,,,,,,,,,,,,,,,,,,,,,,,,,,,,,,,,,,,,,,,"",4,0,"",4185.751,4190.966,4198.273,0,""
94,,7,1,8,4,0,0,1,0,0,0,255,255,255,68,4221.201,"ddil_ddil69",R,26,92,140,-0.454,-1.871,0.415,1.605,-0.229,0.331,-36.679,26.363,41,59,0,4,13.179,-157.516,-0.043,0,0,4,3,R,"まととまと",179.8,89.79,0.449,,75,W,Y,1,,,,,,,,,,,,,,,,,,,,,,,,,,,,0,0,,,,,,,,,,,,,,,,,,,,,,,,,,,,,,,,,,,,,,0.034,-37.317,-0.043,-17.819,-20.782,-46.423,-16.678,-62.657,20.532,-50.526,11.74,-64.677,40.915,-90.664,0,-109.86,-40.815,-90.564,,,,"",,,,"",,,,"",,,,"",,,,"",,,,"",,,,"",,,,"",,,,,,,,,,,,,,,,,,,,,,,,,,,,,,,,,,,,,,,,,,,,,,,,,,,,,,,,,,"",0,0,"",,,,0,""
95,,7,1,8,4,0,1,1,0,0,0,255,255,255,69,4239.752,"ddil_ddil69",R,26,87,140,-1.484,-0.865,0.296,1.77,-0.782,0.895,-36.679,29.933,92,8,0,4,91.268,-200,5.866,0,0,4,3,R,"まととまと",179.8,89.79,0.449,,75,W,Y,1,,,,,,,,,,,,,,,,,,,,,,,,,,,,0,0,,,,,,,,,,,,,,,,,,,,,,,,,,,,,,,,,,,,,,-0.118,-37.115,-0.031,-17.873,-20.829,-46.275,-16.981,-62.627,20.251,-50.61,11.061,-64.886,40.915,-90.664,0,-109.85,-40.815,-90.564,,,,"",,,,"",,,,"",,,,"",,,,"",,,,"",,,,"",,,,"",,,,,,,,,,,,,,,,,,,,,,,,,,,,,,,,,,,,,,,,,,,,,,,,,,,,,,,,,,"",0,0,"",,,,0,""
96,,7,1,8,4,0,2,1,0,0,0,255,255,255,70,4254.504,"ddil_ddil69",R,13,60,103,-2.484,-0.621,0.412,1.961,-0.346,1.717,-36.679,39.205,92,8,0,4,-365.589,312.348,7.618,0,0,4,3,R,"まととまと",179.8,89.79,0.449,,75,W,Y,1,,,,,,,,,,,,,,,,,,,,,,,,,,,,0,0,,,,,,,,,,,,,,,4257.379,4,,578,0,,,,,,,,,,,,,,,,,,,0.075,-37.477,-0.101,-17.89,-20.764,-46.366,-16.945,-62.586,20.301,-50.726,9.982,-65.234,40.907,-90.657,0,-109.85,-40.807,-90.557,,,,"",,,,"",,,,"",,,,"",,,,"",,,,"",,,,"",,,,"",,,,,,,,,,,,,,,,,,,,,,,,,,,,,,,,,,,,,,,,,,,,,,,,,,,,,,,,,,"",0,0,"",,,,0,""
97,,7,1,8,4,0,0,2,0,0,0,255,255,255,71,4277.125,"ddil_ddil69",R,26,83,135,-1.139,-0.772,0.349,1.79,-0.534,0.943,-36.679,31.984,44,56,0,0,18.249,-200,-17.56,0,0,5,0,R,"Gonyong",175,85,0.2,,46,W,Y,1,,,,,,,,,,,,,,,,,,,,,,,,,,,,0,0,,,,,,,,,,,,,,,,,,,,,,,,,,,,,,,,,,,,,,-0.101,-37.385,-0.036,-18.009,-20.849,-46.142,-16.977,-62.607,20.669,-50.59,9.404,-65.369,40.915,-90.664,0,-109.86,-40.815,-90.564,,,,"",,,,"",,,,"",,,,"",,,,"",,,,"",,,,"",,,,"",,,,,,,,,,,,,,,,,,,,,,,,,,,,,,,,,,,,,,,,,,,,,,,,,,,,,,,,,,"",0,0,"",,,,0,""
98,,7,1,8,4,0,1,2,0,0,0,255,255,255,72,4293.228,"ddil_ddil69",R,26,87,140,1.215,-0.251,0.581,1.878,0.547,1.252,-36.679,24.242,52,48,0,2,-26.369,-200,-15.046,0,0,5,0,R,"Gonyong",175,85,0.2,3,46,W,Y,0,4294.5,185,126,88,71,21,145,94,39.322,36.339,0.208,0.802,-19.743,-0.35,0.143,0.371,518.028,-182.005,-241.912,4299.202,-44.002,-84.044,4299.446,8,-42.605,2.602,-81.82,0,0,,4300.368,,,,,,,,,,,,,4299.982,5,,456,0,,,,,,,,,,,,,,,,,,,0.2,-37.287,-0.014,-18.205,-20.748,-46.056,-16.598,-62.751,20.764,-50.541,9.349,-65.386,40.915,-90.664,0,-109.85,-40.815,-90.564,0.221,-36.74,,"CAT tourniquet",0.013,-18.236,,"Pring__",-20.399,-45.294,,"muyang_",-16.596,-62.683,,"SUGUN",20.673,-50.475,,"ByeolBam",9.839,-65.526,,"AI",40.9,-90.65,,"AI",0,-109.84,,"AI",-40.8,-90.55,,,,,,,,,,,,,,,,,,,,,,,,,,,,,,,,,,,,,,,,,,,,,,,,,,,,,,,,"",1,0,"AI",,,,0,""
99,SIDE,7,1,8,4,0,0,2,0,0,0,255,255,255,,4301.58,,,,,,,,,,,,,,,,,,,,,,,0,,,,,,,,,,,,,,,,,,,,,,,,,,,,,,,,,,,,,,,0,0,,,,,,,,,,,,,,,,,,,,,,,,,,,,,,,,,,,,,,,,,,,,,,,,,,,,,,,,,,,,,,,,,,,,,,,,,,,,,,,,,,,,,,,,,,,,,,,,,,,,,,,,,,,,,,,,,,,,,,,,,,,,,,,,,,,,,,,,,,,,,,,,,"",0,0,"",,,,0,""
100,,7,0,8,4,0,0,0,0,0,0,255,255,255,102,4335.567,"Gonyong",R,13,71,110,1.668,-0.57,0.612,1.749,1.443,1.816,-37.094,45.078,84,16,0,2,-360.643,346.319,-5.389,0,0,3,5,R,"ByeolBam",175.4,90,0.5,5,74,W,Y,1,4336.86,181,60,135,90,33,145,129,29.753,-83.135,0.305,0.748,-20.362,0.49,0,0.226,267.809,495.594,-206.554,,,,,,,,,0,0,,,,,,,,,,,,,,,,,,,,,,,,,,,,,,,,,,,,,,0.075,-37.676,0.003,-16.314,-19.229,-43.605,-13.161,-64.96,20.171,-46.458,9.082,-62.014,40.9,-90.65,0,-109.84,-40.8,-90.55,-0.155,-38.046,,"うよすま",0,-16.857,,"-라후이-",-19.069,-43.734,,"まととまと",-13.121,-64.847,,"소솨소솨",19.284,-46.106,,"CoalCat",9.032,-61.901,,"AI",40.903,-90.653,,"AI",0,-109.843,,"AI",-40.803,-90.553,,,,,,,,,,,,,,,,,,,,,,,,,,,,,,,,,,,,,,,,,,,,,,,,,,,,,,,,"",3,0,"",,,,0,""
101,,7,0,8,4,0,1,0,0,0,0,255,255,255,103,4354.534,"Gonyong",R,10,66,109,2.639,-1.542,0.552,1.607,1.162,1.318,-37.094,29.975,55,45,0,1,-14.491,396.028,-9.834,0.475,-18.117,3,5,R,"ByeolBam",175.4,90,0.5,,74,W,Y,0,,,,,,,,,,,,,,,,,,,,,,,,,,,,0,0,,,,,,,,,,,,,,,,,,,,,,,,,,,,,,,,,,,,,,0.095,-37.854,0.009,-16.826,-18.636,-44.8,-13.296,-64.822,19.546,-45.579,9.922,-61.934,40.9,-90.65,0,-109.84,-40.8,-90.55,,,,"",,,,"",,,,"",,,,"",,,,"",,,,"",,,,"",,,,"",,,,,,,,,,,,,,,,,,,,,,,,,,,,,,,,,,,,,,,,,,,,,,,,,,,,,,,,,,"",0,0,"",,,,0,""
102,,7,0,8,4,1,1,0,0,0,0,255,255,255,104,4367.196,"Gonyong",R,13,78,104,-2.551,-1.781,0.194,1.464,-0.334,1.096,-37.094,13.2,48,52,0,1,-369.138,312.348,3.439,0,0,3,5,R,"ByeolBam",175.4,90,0.5,,74,W,Y,0,,,,,,,,,,,,,,,,,,,,,,,,,,,,0,0,,,,,,,,,,,,,,,,,,,,,,,,,,,,,,,,,,,,,,-0.112,-38.221,-0.032,-16.761,-18.936,-44.554,-12.955,-65.04,19.75,-45.331,9.927,-62.015,40.9,-90.65,0,-109.84,-40.8,-90.55,,,,"",,,,"",,,,"",,,,"",,,,"",,,,"",,,,"",,,,"",,,,,,,,,,,,,,,,,,,,,,,,,,,,,,,,,,,,,,,,,,,,,,,,,,,,,,,,,,"",0,0,"",,,,0,""
103,,7,0,8,4,2,1,0,0,0,0,255,255,255,105,4379.425,"Gonyong",R,3,63,95,1.146,1.003,0.724,1.903,1.334,2.205,-37.094,71.851,77,20,4,0,-359.477,0,1.067,0,0,3,5,R,"ByeolBam",175.4,90,0.5,,74,W,Y,0,,,,,,,,,,,,,,,,,,,,,,,,,,,,0,0,,,,,,,,,,,,,,,,,,,,,,,,,,,,,,,,,,,,,,-0.215,-38.367,-0.032,-16.768,-18.645,-44.657,-13.214,-64.914,19.12,-45.962,9.863,-62.021,40.9,-90.65,0,-109.84,-40.8,-90.55,,,,"",,,,"",,,,"",,,,"",,,,"",,,,"",,,,"",,,,"",,,,,,,,,,,,,,,,,,,,,,,,,,,,,,,,,,,,,,,,,,,,,,,,,,,,,,,,,,"",0,0,"",,,,0,""
104,,7,0,8,4,2,2,0,0,0,0,255,255,255,106,4393.266,"Gonyong",R,13,79,116,-2.593,-2.171,0.208,1.46,-0.437,0.803,-37.094,18.254,49,51,0,1,-379.83,325.16,2.183,-0.566,-19.321,3,5,R,"ByeolBam",175.4,90,0.5,,82,W,Y,0,,,,,,,,,,,,,,,,,,,,,,,,,,,,0,0,,,,,,,,,,,,,,,,,,,,,,,,,,,,,,,,,,,,,,-0.227,-38.276,-0.011,-16.684,-18.791,-44.586,-13.211,-65.075,19.195,-45.724,9.926,-62.014,40.9,-90.65,0,-109.84,-40.8,-90.55,,,,"",,,,"",,,,"",,,,"",,,,"",,,,"",,,,"",,,,"",,,,,,,,,,,,,,,,,,,,,,,,,,,,,,,,,,,,,,,,,,,,,,,,,,,,,,,,,,"",0,0,"",,,,0,""
105,,7,0,8,4,3,2,0,0,0,0,255,255,255,107,4406.99,"Gonyong",R,13,70,98,0.662,-0.451,0.645,1.812,1.063,1.91,-37.094,56.602,84,14,2,2,-346.108,314.765,-8.621,0,0,3,5,R,"ByeolBam",175.4,90,0.5,5,82,W,Y,1,4408.084,226,93,85,38,27,141,129,7.579,-45.929,0.168,0.896,-21.115,0.52,0,0.322,110.135,557.737,191.832,4410.068,52.229,-80.436,4412.762,6,60.773,0.057,-99.108,1,0,,4413.659,4417.88,,,,,,,,,,,,,,,,,,,,,,,,,,,,,,,,,,,-0.064,-38.113,-0.006,-16.626,-18.784,-44.61,-13.207,-65.066,19.287,-45.69,9.916,-62.006,40.9,-90.65,0,-109.84,-40.8,-90.55,-0.121,-37.743,,"うよすま",-0.024,-16.741,,"-라후이-",-18.788,-44.588,,"まととまと",-12.998,-65.139,84,"소솨소솨",19.191,-45.704,,"CoalCat",9.9,-61.825,,"AI",40.903,-90.652,,"AI",0,-109.843,,"AI",-40.803,-90.552,,4426.782,-0.271,-38.545,,,,,,,4418.539,-0.59,-58.4,,,,,,,,,,,,,,,,,,,,,,,,,4425.629,-0.705,-57.396,,,,,,,,,,,,,,,,"",2,0,"AI",4417.88,,,48,""
106,,7,0,8,4,0,0,0,0,1,0,255,15,255,108,4439.781,"Gonyong",R,32,87,140,1.23,0.33,0.348,1.692,0.213,1.615,-37.094,42.917,82,12,5,2,209.373,-165.828,10.77,0,0,4,3,R,"muyang_",171,80,0.498,3,74,W,Y,1,4440.773,201,156,81,77,35,145,80,42.62,-6.752,0.232,0.992,-19.964,-1,0,0.246,599.879,0.207,12.027,4445.335,7.281,-77.047,4445.479,5,7.016,2.988,-74.821,0,0,,4446.202,,,,,,,,,,,4452.838,,4446.212,4,,454,0,,,,,,,,,,,,,,,,,,,-0.042,-37.631,-0.022,-16.975,-19.697,-42.249,-13.025,-64.984,19.455,-44.916,5.11,-61.256,40.9,-90.65,0,-109.84,-40.8,-90.55,0.025,-36.952,,"うよすま",0.032,-17.301,,"-라후이-",-19.687,-42.278,,"まととまと",-13.392,-64.829,,"소솨소솨",19.046,-45.193,,"CoalCat",6.984,-61.235,78,"AI",40.902,-90.652,,"AI",0,-109.843,,"AI",-40.802,-90.552,,4451.31,0.071,-38.616,,,,,,,,,,,,,4446.222,6.999,-75.316,,,,,,,,,,,,,,,,,,,,,,,,,4449.653,4.926,-64.921,,,,,,,,,,"",1,0,"CoalCat",4447.242,,,33,""
107,,7,0,8,4,0,0,1,0,1,0,255,15,255,109,4467.187,"Gonyong",R,27,77,128,-1.666,-0.282,0.099,1.593,-0.943,1.298,-37.094,24.764,83,17,0,1,128.269,-130.536,15.485,0,0,5,1,L,"CAT tourniquet",190,80,0.547,,53,W,Y,0,,,,,,,,,,,,,,,,,,,,,,,,,,,,0,0,,,,,,,,,,,,,4486.09,,,,,,,,,,,,,,,,,,,,,,,,,-0.129,-37.478,-0.018,-16.906,-18.393,-40.811,-0.919,-61.363,19.379,-44.326,11.97,-61.224,40.9,-90.65,0,-109.84,-40.8,-90.55,,,,"",,,,"",,,,"",,,,"",,,,"",,,,"",,,,"",,,,"",,,,4478.17,-0.419,-37.577,,,,,,,,,,,,,,,,,,,,,,,,,,,,,,,,,,,,,,,,,,,,,,,,,,,,"",0,0,"",4470.029,,,0,""
108,,7,0,8,4,1,0,1,0,1,0,255,15,255,110,4486.764,"Gonyong",R,10,60,93,-0.436,0.453,0.239,2.137,-0.196,2.592,-37.094,64.592,83,13,4,0,0,400,-2.678,0,0,5,1,L,"CAT tourniquet",190,80,0.547,,53,W,Y,0,,,,,,,,,,,,,,,,,,,,,,,,,,,,0,0,,,,,,,,,,,,,4499.832,,,,,,,,,,,,,,,,,,,,,,,,,-0.114,-37.66,-0.057,-16.635,-17.324,-44.863,-2.902,-62.705,19.655,-44.917,11.645,-60.458,40.9,-90.65,0,-109.84,-40.8,-90.55,,,,"",,,,"",,,,"",,,,"",,,,"",,,,"",,,,"",,,,"",,,,4492.233,-0.247,-37.76,,,,,,,,,,,,,,,,,,,,,,,,,,,,,,,,,,,,,,,,,,,,,,,,,,,,"",0,0,"",4490.658,,,0,""
109,,7,0,8,4,1,1,1,0,1,0,255,15,255,111,4501.306,"Gonyong",R,10,83,124,-0.771,-2.529,0.228,1.301,-0.342,0.353,-37.094,24.036,37,63,0,2,0,400,3.316,-0.13,-21.016,5,1,L,"CAT tourniquet",190,80,0.547,3,53,W,Y,1,4502.447,189,214,123,189,77,145,125,-30,-20.093,-0.134,0.065,-20.809,0.23,0,0.117,192.673,461.32,331.755,4501.735,-0.134,-20.809,4503.713,5,8.365,2.115,-57.706,0,0,,4509.783,,,,,,,4508.65,,,,,,4508.597,5,,147,1,,,,,,,,,,,,,,,,,,,-0.119,-37.667,-0.071,-16.567,-18.047,-43.313,-3.324,-60.904,19.704,-45.023,12.177,-60.408,40.9,-90.65,0,-109.84,-40.8,-90.55,-0.361,-37.457,,"うよすま",-0.198,-16.611,,"-라후이-",-18.051,-43.268,120,"まととまと",-8.504,-62.432,,"소솨소솨",19.609,-44.91,70,"CoalCat",12.259,-60.311,102,"AI",40.903,-90.653,,"AI",0,-109.843,,"AI",-40.803,-90.553,,4514.913,0.196,-38.038,,,,4508.034,-18.712,-40.098,,,,4510.007,18.907,-39.07,4504.47,8.534,-58.602,,,,,,,,,,,,,,,,4508.586,-15.647,-38.822,,,,4513.612,18.214,-39.724,4506.738,6.397,-50.94,,,,,,,,,,"",2,0,"CoalCat",,4508.65,,43,""
110,,7,0,8,4,0,0,2,0,0,1,255,255,15,112,4529.177,"Gonyong",R,3,76,115,-0.753,0.332,0.425,1.754,0.572,1.82,-37.094,62.333,86,14,0,0,-475.038,0,2.143,0,0,0,4,R,"SUGUN",190,82.092,0.496,,74,W,Y,0,,,,,,,,,,,,,,,,,,,,,,,,,,,,0,0,,,,,,,,,,,,,,,,,,,,,,,,,,,,,,,,,,,,,,-0.073,-37.883,-0.035,-16.833,-18.102,-45.96,-13.375,-65.219,19.96,-45.479,10.074,-63.458,40.915,-90.664,0,-109.85,-40.815,-90.564,,,,"",,,,"",,,,"",,,,"",,,,"",,,,"",,,,"",,,,"",,,,4536.287,-0.368,-37.587,,,,,,,,,,,,,,,,,,,,,,,,,,,,,,,,,,,,,,,,,,,,,,,,,,,,"",0,0,"",,4532.105,,0,""
111,,7,0,8,4,0,1,2,0,0,1,255,255,15,113,4549.532,"Gonyong",R,27,63,117,-0.083,1.357,0.257,1.914,-0.209,2.336,-37.094,57.971,88,12,0,1,91.232,-112.599,3.613,0,0,0,4,R,"SUGUN",190,82.092,0.496,,74,W,Y,0,,,,,,,,,,,,,,,,,,,,,,,,,,,,0,0,,,,,,,,,,,,,,,,,,,,,,,,,,,,,,,,,,,,,,-0.077,-37.661,-0.051,-16.702,-18.168,-46.09,-13.444,-65.025,19.889,-42.46,10.1,-63.789,40.915,-90.664,0,-109.85,-40.815,-90.564,,,,"",,,,"",,,,"",,,,"",,,,"",,,,"",,,,"",,,,"",,,,4555.649,-0.312,-37.811,,,,,,,,,,,,,,,,,,,,,,,,,,,,,,,,,,,,,,,,,,,,,,,,,,,,"",0,0,"",,,,0,""
112,,7,0,8,4,1,1,2,0,0,1,255,255,15,114,4565.075,"Gonyong",R,10,65,109,-0.544,-0.214,0.272,1.782,-0.137,1.911,-37.094,47.844,90,10,0,2,0,386.115,3.513,0,0,0,4,R,"SUGUN",190,82.092,0.496,5,74,W,Y,1,4566.519,144,220,146,89,47,145,132,25.182,-47.755,-0.065,0.946,-20.798,0.55,0,0.437,472.303,327.809,171.671,4572.158,71.504,-93.547,,,,,,0,0,,4572.138,4576.95,4583.033,4589.025,,,,,,4572.988,,,4565.594,,,,,,,,,,,,,,,,,,,,,,,,-0.104,-37.55,-0.058,-16.416,-18.14,-46.123,-13.032,-65.212,19.088,-41.009,10.027,-63.572,40.907,-90.657,0,-109.85,-40.807,-90.557,-0.34,-37.809,,"うよすま",0.01,-16.657,,"-라후이-",-18.266,-46.011,,"まととまと",-12.891,-65.1,,"소솨소솨",18.455,-43.531,,"CoalCat",10.019,-63.44,,"AI",40.9,-90.65,,"AI",0,-109.84,,"AI",-40.8,-90.55,,,,,,,,,,,,,,,,,,,,,,,,,,,,,,,,,,,,,,,,,,,,,,,,,,,,,,,,"",4,0,"",4576.95,4583.033,4572.988,0,""
113,,7,0,8,6,0,0,2,0,0,0,255,255,255,115,4607.976,"Gonyong",R,0,66,118,1.122,0.065,0.43,1.722,0.594,1.717,-37.094,44.96,77,17,6,2,-47.661,0,0.094,0,0,1,2,L,"Pring__",190,93.089,0.485,3,74,W,Y,0,4609.158,255,161,99,109,76,145,130,94.417,76.409,0.225,1.104,-20.646,0.5,0,0.654,519.771,188.313,-233.188,,,,,,,,,0,0,,,,,,,,,,,,,,,,,,,,,,,,,,,,,,,,,,,,,,-0.027,-37.922,-0.079,-16.665,-17.291,-46.245,-4.43,-67.369,19.459,-44.392,12.306,-62.896,40.915,-90.664,0,-109.85,-40.815,-90.564,-0.179,-37.269,,"うよすま",-0.084,-16.677,,"-라후이-",-17.458,-46.653,,"まととまと",-4.423,-67.192,,"소솨소솨",18.79,-44.22,,"CoalCat",12.328,-62.887,,"AI",40.9,-90.65,,"AI",0,-109.84,,"AI",-40.8,-90.55,,,,,,,,,,,,,,,,,,,,,,,,,,,,,,,,,,,,,,,,,,,,,,,,,,,,,,,,"",3,0,"",,,,0,""
114,,7,0,8,6,0,1,2,0,0,0,255,255,255,116,4622.96,"Gonyong",R,3,73,101,-1.552,-0.136,0.371,1.776,0.214,1.812,-37.094,39.512,84,16,0,2,-408.682,175.213,1.538,0,0,1,2,L,"Pring__",190,93.089,0.485,3,74,W,Y,0,4624.175,255,152,59,88,96,138,82,95.278,86.555,-0.179,1.126,-21.827,1,0,0.835,91.661,480.406,-347.575,,,,,,,,,0,0,,,,,,,,,,,,,,,,,,,,,,,,,,,,,,,,,,,,,,-0.039,-38.046,-0.083,-16.266,-18.166,-46.82,-3.634,-67.844,19.606,-44.691,12.552,-62.65,40.907,-90.657,0,-109.85,-40.807,-90.557,-0.092,-37.285,,"うよすま",-0.056,-16.697,,"-라후이-",-18.762,-47.752,,"まととまと",-3.669,-67.978,,"소솨소솨",19.495,-44.755,,"CoalCat",12.548,-62.582,,"AI",40.9,-90.65,,"AI",0,-109.84,,"AI",-40.807,-90.557,,,,,,,,,,,,,,,,,,,,,,,,,,,,,,,,,,,,,,,,,,,,,,,,,,,,,,,,"",3,0,"",,,,0,""
115,,7,0,8,6,0,2,2,0,0,0,255,255,255,117,4640.596,"Gonyong",R,14,68,97,2.604,-0.673,0.405,1.733,0.319,1.719,-37.094,38.231,90,10,0,2,344.292,312.348,-20.953,0,0,1,2,L,"Pring__",190,93.089,0.485,3,74,W,Y,0,4641.738,199,98,58,90,80,137,82,9.97,-55.547,0.432,0.94,-21.662,1,0,0.761,-44.853,-583.178,-133.759,4642.168,22.649,-35.409,,,,,,0,0,,,,,,,,,,,,,,,,,,,,,,,,,,,,,,,,,,,,,,0,-37.709,0.02,-16.618,-19.416,-45.026,-2.643,-68.243,19.6,-44.194,12.879,-62.285,40.915,-90.664,0,-109.85,-40.815,-90.564,-0.15,-37.378,,"うよすま",-0.004,-16.636,,"-라후이-",-19.369,-45.18,,"まととまと",-2.783,-68.629,,"소솨소솨",19.198,-44.401,,"CoalCat",12.897,-62.139,,"AI",40.9,-90.65,,"AI",0,-109.84,,"AI",-40.8,-90.55,,,,,,,,,,,,,,,,,,,,,,,,,,,,,,,,,,,,,,,,,,,,,,,,,,,,,,,,"",3,0,"",,,,0,""
116,,7,0,8,6,0,2,2,0,0,0,255,255,255,118,4654.852,"Gonyong",R,10,83,123,-1.665,-2.179,0.174,1.414,-0.597,0.716,-37.094,11.754,49,51,0,2,-77.663,400,2.393,0,0,1,2,L,"Pring__",190,93.089,0.485,3,74,W,Y,0,4655.85,255,150,71,121,95,145,127,-19.938,14.014,-0.287,0.272,-21.03,0.72,0,0.802,223.222,479.878,282.647,4655.013,-0.435,-21.62,4657.068,3,-11.722,0.103,-66.642,0,2,,4661.655,,,,,,,,,,,,,4661.323,1,,147,16,,,,,,,,,,,,,,,,,,,0.002,-37.774,-0.092,-16.707,-18.401,-48.143,-1.406,-67.43,19.35,-44.212,13.505,-63.52,40.908,-90.657,0,-109.84,-40.807,-90.557,-0.232,-37.324,,"うよすま",-0.091,-16.717,,"-라후이-",-19.003,-48.615,,"まととまと",-1.385,-67.237,81,"소솨소솨",19.362,-44.964,,"CoalCat",13.399,-63.218,,"AI",40.9,-90.65,,"AI",0,-109.84,,"AI",-40.8,-90.55,,,,,,,,4660.679,-19.437,-40.308,4657.837,-12.08,-67.699,,,,,,,,,,,,,,,,,,,,,,,,,4659.381,-12.99,-60.856,,,,,,,,,,,,,,,,"",2,0,"まととまと",,,,24,""
117,SIDE,7,0,8,6,0,0,2,0,0,0,255,255,255,,4663.154,,,,,,,,,,,,,,,,,,,,,,,2,,,,,,,,,,,,,,,,,,,,,,,,,,,,,,,,,,,,,,,0,0,,,,,,,,,,,,,,,,,,,,,,,,,,,,,,,,,,,,,,,,,,,,,,,,,,,,,,,,,,,,,,,,,,,,,,,,,,,,,,,,,,,,,,,,,,,,,,,,,,,,,,,,,,,,,,,,,,,,,,,,,,,,4663.154,-17.658,-40.081,,,,,,,,,,,,,,,,,,,"",0,0,"",,,,0,""
118,,8,1,8,6,0,0,0,0,0,0,255,255,255,73,4711.354,"ddil_ddil69",R,26,86,139,-0.709,-1.819,0.392,1.644,-0.334,0.392,-36.679,25.428,44,56,0,1,8.925,-173.966,2.786,-0.219,-17.638,0,5,R,"CoalCat",169.5,82.838,0.435,,75,W,Y,0,,,,,,,,,,,,,,,,,,,,,,,,,,,,0,0,,,,,,,,,,,,,,,,,,,,,,,,,,,,,,,,,,,,,,0.035,-37.336,0.029,-17.941,-21.704,-47.097,-16.966,-62.619,20.742,-49.564,12.169,-65.021,40.908,-90.658,0,-109.85,-40.808,-90.558,,,,"",,,,"",,,,"",,,,"",,,,"",,,,"",,,,"",,,,"",,,,,,,,,,,,,,,,,,,,,,,,,,,,,,,,,,,,,,,,,,,,,,,,,,,,,,,,,,"",0,0,"",,,,0,""
119,,8,1,8,6,1,0,0,0,0,0,255,255,255,74,4726.785,"ddil_ddil69",R,26,79,129,0.312,-0.584,0.501,1.823,0.171,1.042,-36.679,25.839,47,53,0,0,-33.559,-200,-5.318,0,0,0,5,R,"CoalCat",169.5,82.838,0.435,,75,W,Y,1,,,,,,,,,,,,,,,,,,,,,,,,,,,,0,0,,,,,,,,,,,,,,,,,,,,,,,,,,,,,,,,,,,,,,0.14,-37.326,-0.044,-17.984,-21.731,-47.301,-16.783,-62.643,20.395,-49.681,12.227,-65.507,40.915,-90.664,0,-109.85,-40.815,-90.564,,,,"",,,,"",,,,"",,,,"",,,,"",,,,"",,,,"",,,,"",,,,,,,,,,,,,,,,,,,,,,,,,,,,,,,,,,,,,,,,,,,,,,,,,,,,,,,,,,"",0,0,"",,,,0,""
120,,8,1,8,6,1,1,0,0,0,0,255,255,255,75,4741.835,"ddil_ddil69",R,6,43,92,2.843,-0.366,0.536,1.924,0.337,1.408,-36.679,46.72,100,0,0,2,368.019,0,24.931,0,0,0,5,R,"CoalCat",169.5,82.838,0.435,3,75,W,Y,1,4743.249,245,128,63,91,66,139,88,28.162,-57.808,0.457,0.997,-22.02,0.98,0,0.546,-65.414,542.503,247.814,4746.124,46.894,-57.922,,,,,,0,0,,,,,,,,,,,,,,,,,,,,,,,,,,,,,,,,,,,,,,-0.013,-37.123,-0.056,-17.958,-21.781,-47.211,-17.048,-62.657,19.979,-49.468,11.69,-65.591,40.915,-90.664,0,-109.85,-40.815,-90.564,0.31,-36.884,,"CAT tourniquet",-0.022,-17.999,,"Pring__",-21.72,-47.216,,"muyang_",-17.063,-62.65,,"SUGUN",20.266,-49.751,,"ByeolBam",11.673,-65.55,,"AI",40.9,-90.65,,"AI",0,-109.84,,"AI",-40.8,-90.55,,,,,,,,,,,,,,,,,,,,,,,,,,,,,,,,,,,,,,,,,,,,,,,,,,,,,,,,"",3,0,"",,,,0,""
121,,8,1,8,6,1,2,0,0,0,0,255,255,255,76,4761.334,"ddil_ddil69",R,3,51,98,-1.732,-0.096,0.483,1.965,0.089,1.557,-36.679,25.378,100,0,0,2,-394.343,0,-4.54,0,0,0,5,R,"CoalCat",169.5,82.838,0.435,3,75,W,Y,1,4762.803,255,111,92,99,73,145,80,20.329,28.919,-0.226,1.008,-21.511,-1,0,0.488,186.097,-368.281,435.588,,,,4765.247,3,-21.355,1.811,-64.581,0,0,,,,,,,,,,,,,,,4765.952,0,,452,0,,,,,,,,,,,,,,,,,,,0.172,-37.35,0.011,-17.818,-21.855,-47.288,-16.981,-62.773,21.038,-48.982,11.79,-64.848,40.915,-90.664,0,-109.86,-40.815,-90.564,0.149,-37.04,,"CAT tourniquet",0.003,-17.786,,"Pring__",-21.84,-47.179,,"muyang_",-16.854,-62.665,100,"SUGUN",21.042,-48.784,,"ByeolBam",11.65,-64.852,,"AI",40.9,-90.65,,"AI",0,-109.84,,"AI",-40.8,-90.55,,4770.042,-0.575,-38.732,,,,,,,4765.961,-21.89,-65.537,,,,,,,,,,,,,,,,,,,,,,,,,4768.482,-19.045,-62.099,,,,,,,,,,,,,,,,"",1,0,"muyang_",,,,20,""
122,,8,1,8,6,0,0,1,0,0,0,255,255,255,77,4784.655,"ddil_ddil69",R,3,60,91,-2.744,-0.562,0.376,1.937,-0.272,1.534,-36.679,29.05,74,26,0,4,-393.207,155.194,5.589,-1.338,-17.123,1,4,R,"소솨소솨",190,80,0.498,,75,W,Y,1,,,,,,,,,,,,,,,,,,,,,,,,,,,,0,0,,,,,,,,,,,,,,,,,,,,,,,,,,,,,,,,,,,,,,0.036,-37.274,-0.066,-17.797,-21.2,-46.398,-16.813,-62.573,18.053,-46.371,11.578,-65.017,40.922,-90.67,0,-109.86,-40.822,-90.571,,,,"",,,,"",,,,"",,,,"",,,,"",,,,"",,,,"",,,,"",,,,4791.125,-0.355,-37.29,,,,,,,,,,,,,,,,,,,,,,,,,,,,,,,,,,,,,,,,,,,,,,,,,,,,"",0,0,"",,,,0,""
123,,8,1,8,6,0,1,1,0,0,0,255,255,255,78,4800.521,"ddil_ddil69",R,26,97,140,0.62,0.01,0.522,1.922,0.269,1.428,-36.679,21.141,89,11,0,2,-11.615,-200,11.113,0,0,1,4,R,"소솨소솨",190,80,0.498,5,75,W,Y,1,4801.681,151,52,111,37,14,145,121,-20.547,-39.593,0.089,0.951,-19.454,0.14,0,0.333,-209.336,62.722,558.788,4801.013,1.592,-21.269,4802.479,4,21.548,1.241,-45.339,0,0,,,,,,,,,,,,,,,4806.072,1,,147,1,,,,,,,,,,,,,,,,,,,0.226,-37.267,-0.03,-17.662,-21.201,-46.415,-16.858,-62.73,20.05,-49.122,11.433,-65.137,40.915,-90.664,0,-109.85,-40.815,-90.564,0.478,-36.759,,"CAT tourniquet",-0.084,-17.669,,"Pring__",-21.184,-46.352,91,"muyang_",-16.848,-62.719,,"SUGUN",20.076,-49.098,120,"ByeolBam",11.164,-65.242,,"AI",40.9,-90.65,,"AI",0,-109.84,,"AI",-40.8,-90.55,,4809.08,-0.678,-38.384,,,,4805.422,-18.298,-39.769,,,,4803.219,21.964,-45.65,,,,,,,,,,,,,,,,,,,4807.987,-17.856,-39.506,,,,4803.971,17.375,-44.812,,,,,,,,,,,,,"",2,0,"SUGUN",,,,7,""
124,,8,1,8,6,0,0,2,0,0,0,255,255,255,79,4825.122,"ddil_ddil69",R,13,55,87,-1.367,-0.764,0.549,2.062,0.095,1.84,-36.679,43.942,89,11,0,2,-283.542,348.535,9.031,0,0,2,1,R,"うよすま",175.4,84.991,0.5,3,74,W,Y,1,4826.493,255,155,112,113,27,145,82,105.659,-81.684,-0.281,0.629,-20.11,1,0,0.526,264.042,242.149,481.296,,,,,,,,,0,0,,,,,,,,,,,,,,,,,,,,,,,,,,,,,,,,,,,,,,0.109,-37.24,-0.029,-17.79,-21.885,-47.266,-16.928,-62.618,21.501,-49.658,12.321,-65.038,40.922,-90.67,0,-109.86,-40.822,-90.57,-0.134,-36.676,,"CAT tourniquet",-0.066,-18.004,,"Pring__",-21.895,-47.247,,"muyang_",-16.935,-62.726,,"SUGUN",20.308,-49.936,,"ByeolBam",11.755,-65.224,,"AI",40.9,-90.65,,"AI",0,-109.84,,"AI",-40.8,-90.55,,,,,,,,,,,,,,,,,,,,,,,,,,,,,,,,,,,,,,,,,,,,,,,,,,,,,,,,"",3,0,"",,,,0,""
125,,8,1,8,6,0,1,2,0,0,0,255,255,255,80,4842.491,"ddil_ddil69",R,26,79,129,0.32,1.498,0.46,2.184,0.116,2.244,-36.679,59.148,97,3,0,2,6.143,-200,-4.774,0,0,2,1,R,"うよすま",175.4,84.991,0.5,3,74,W,Y,1,4843.601,116,78,120,22,0,137,125,-0.261,33.166,-0.148,1.339,-19.375,0.28,0,0.305,138.002,212.1,-544.03,4843.668,-17.01,-44.549,4843.891,2,-17.296,0.126,-45.007,0,0,,,,,,,,,,,,,,,4847.134,2,,147,0,,,,,,,,,,,4846.464,2,,,,,,,0.048,-37.256,-0.019,-17.671,-21.507,-46.724,-16.881,-62.422,21.061,-49.818,11.624,-64.838,40.915,-90.664,0,-109.86,-40.815,-90.564,0.332,-36.827,,"CAT tourniquet",-0.026,-17.75,,"Pring__",-21.379,-46.568,,"muyang_",-16.881,-62.449,,"SUGUN",21.202,-49.664,,"ByeolBam",11.469,-65.011,,"AI",40.9,-90.65,,"AI",0,-109.84,,"AI",-40.8,-90.55,,,,,,,,4844.822,-17.78,-45.681,,,,,,,,,,,,,,,,,,,,,,,,,,,,,,,,,,,,,,,,,,,,,,"",2,0,"Pring__",,,,2,""
126,SIDE,8,1,8,6,0,1,2,0,0,0,255,255,255,,4852.549,,,,,,,,,,,,,,,,,,,,,,,2,,,,,,,,,,,,,,,,,,,,,,,,,,,,,,,,,,,,,,,0,0,,,,,,,,,,,,,,,,,,,,,,,,,,,,,,,,,,,,,,,,,,,,,,,,,,,,,,,,,,,,,,,,,,,,,,,,,,,,,,,,,,,,,,,,,,,,,,,,,,,,,,,,,,,,,,,,,,,,,,,,,,,,,,,,,,,,,,,,,,,,,,,,,"",0,0,"",,,,0,""
127,,8,0,8,6,0,0,0,0,0,0,255,255,255,119,4884.628,"Gonyong",R,32,75,126,2.804,0.444,0.491,1.727,0.878,1.737,-37.094,43.603,83,16,2,1,199.69,-106.76,7.025,0.944,-14.522,2,0,R,"ddil_ddil69",176.4,89.899,0.397,,74,W,Y,0,,,,,,,,,,,,,,,,,,,,,,,,,,,,0,0,,,,,,,,,,,,,,,,,,,,,,,,,,,,,,,,,,,,,,0.024,-37.602,-0.009,-17.046,-18.774,-43.54,-13.167,-65.063,20.602,-47.054,10.552,-64.27,40.914,-90.663,0,-109.85,-40.814,-90.563,,,,"",,,,"",,,,"",,,,"",,,,"",,,,"",,,,"",,,,"",,,,,,,,,,,,,,,,,,,,,,,,,,,,,,,,,,,,,,,,,,,,,,,,,,,,,,,,,,"",0,0,"",,,,0,""
128,,8,0,8,6,1,0,0,0,0,0,255,255,255,120,4902.776,"Gonyong",R,27,83,135,0.658,-0.362,0.323,1.585,0.1,1.242,-37.094,32.041,83,15,2,2,117.774,-143.099,5.717,0,0,2,0,R,"ddil_ddil69",176.4,89.899,0.397,5,74,W,Y,1,4903.983,130,127,115,91,27,140,99,44.007,55.212,0.108,0.78,-19.535,-0.09,0,0.375,571.567,163.813,-80.477,,,,,,,,,0,0,,,,,,,,,,,,,,,,,,,,,,,,,,,,,,,,,,,,,,-0.006,-37.624,-0.146,-16.456,-18.868,-43.365,-13.147,-65.191,19.585,-46.048,9.351,-63.039,40.915,-90.664,0,-109.85,-40.815,-90.564,-0.27,-37.51,,"うよすま",-0.072,-16.436,,"-라후이-",-18.881,-43.353,,"まととまと",-13.168,-65.145,,"소솨소솨",19.679,-46.314,,"CoalCat",9.349,-62.872,,"AI",40.9,-90.65,,"AI",0,-109.84,,"AI",-40.8,-90.55,,,,,,,,,,,,,,,,,,,,,,,,,,,,,,,,,,,,,,,,,,,,,,,,,,,,,,,,"",3,0,"",,,,0,""
129,,8,0,8,6,1,1,0,0,0,0,255,255,255,121,4922.795,"Gonyong",R,26,88,140,1.721,0.395,0.401,1.699,0.461,1.641,-37.094,40.147,80,17,3,2,191.908,-192.894,9.794,0,0,2,0,R,"ddil_ddil69",176.4,89.899,0.397,3,44,W,Y,1,4923.935,169,99,108,71,35,145,93,95.272,-75.426,0.327,1.025,-19.528,-0.42,0,0.491,486.771,238.223,-257.496,,,,,,,,,0,0,,,,,,,,,,,,,,,,,,,,,,,,,,,,,,,,,,,,,,0.046,-37.717,-0.047,-17.161,-18.213,-41.951,-13.286,-65.195,19.336,-46.349,11.049,-62.35,40.915,-90.664,0,-109.86,-40.815,-90.564,-0.057,-37.187,,"うよすま",-0.056,-17.189,,"-라후이-",-18.216,-42.036,,"まととまと",-13.297,-65.136,,"소솨소솨",19.322,-46.322,,"CoalCat",11.09,-62.278,,"AI",40.9,-90.65,,"AI",0,-109.84,,"AI",-40.8,-90.55,,,,,,,,,,,,,,,,,,,,,,,,,,,,,,,,,,,,,,,,,,,,,,,,,,,,,,,,"",3,0,"",,,,0,""
130,,8,0,8,6,1,2,0,0,0,0,255,255,255,122,4941.38,"Gonyong",R,3,79,106,-1.658,0.063,0.345,1.729,0.132,1.714,-37.094,45.557,84,13,3,4,-419.146,39.311,15.726,0,0,2,0,R,"ddil_ddil69",176.4,89.899,0.397,,44,W,Y,1,,,,,,,,,,,,,,,,,,,,,,,,,,,,0,0,,,,,,,,,,,,,,,4944.227,2,,578,0,,,,,,,,,,,,,,,,,,,0.003,-37.827,-0.076,-16.811,-18.991,-41.971,-13.387,-65.035,19.7,-46.736,10.948,-62.875,40.915,-90.664,0,-109.85,-40.815,-90.564,,,,"",,,,"",,,,"",,,,"",,,,"",,,,"",,,,"",,,,"",,,,,,,,,,,,,,,,,,,,,,,,,,,,,,,,,,,,,,,,,,,,,,,,,,,,,,,,,,"",0,0,"",,,,0,""
131,,8,0,8,6,0,0,1,0,0,0,255,255,255,123,4958.793,"Gonyong",R,26,91,140,-0.079,-0.617,0.267,1.536,-0.161,1.069,-37.094,21.035,82,14,3,0,81.857,-178.15,6.471,-2.278,-19.33,3,5,R,"ByeolBam",175.4,90,0.5,,74,W,Y,0,,,,,,,,,,,,,,,,,,,,,,,,,,,,0,0,,,,,,,,,,,,,,,,,,,,,,,,,,,,,,,,,,,,,,0.022,-37.549,-0.008,-16.878,-18.133,-43.054,-13.09,-65.1,19.398,-47.026,11.011,-62.894,40.915,-90.664,0,-109.86,-40.815,-90.564,,,,"",,,,"",,,,"",,,,"",,,,"",,,,"",,,,"",,,,"",,,,,,,,,,,,,,,,,,,,,,,,,,,,,,,,,,,,,,,,,,,,,,,,,,,,,,,,,,"",0,0,"",,,,0,""
132,,8,0,8,6,0,1,1,0,0,0,255,255,255,124,4980.406,"Gonyong",R,26,95,140,1.152,-0.323,0.399,1.588,0.449,1.251,-37.094,36.946,82,13,5,2,27.81,-165.073,-5.549,0,0,3,5,R,"ByeolBam",175.4,90,0.5,5,82,W,Y,1,4981.302,201,100,149,60,29,145,99,0,-67.443,0.21,0.82,-20.164,-0.22,0,0.235,-276.222,-340.367,409.697,4981.213,16.549,-26.685,,,,,,0,0,,,,,,,,,,,,,,,,,,,,,,,,,,,,,,,,,,,,,,-0.053,-37.337,-0.052,-16.789,-18.466,-43.685,-13.257,-65.071,19.506,-46.795,11.015,-62.896,40.922,-90.67,0,-109.86,-40.822,-90.57,-0.476,-37.036,,"うよすま",-0.05,-16.791,,"-라후이-",-18.468,-43.578,,"まととまと",-13.26,-64.937,,"소솨소솨",19.437,-46.797,,"CoalCat",10.972,-62.764,,"AI",40.9,-90.65,,"AI",0,-109.84,,"AI",-40.8,-90.55,,,,,,,,,,,,,,,,,,,,,,,,,,,,,,,,,,,,,,,,,,,,,,,,,,,,,,,,"",3,0,"",,,,0,""
133,,8,0,8,6,0,2,1,0,0,0,255,255,255,125,4995.897,"Gonyong",R,10,67,98,0.66,-0.079,0.424,2.02,0.379,2.394,-37.094,59.339,79,17,4,2,0,400,-18.552,0,0,3,5,R,"ByeolBam",175.4,90,0.5,3,74,W,Y,1,4997.067,238,86,124,67,50,145,127,27.566,28.728,0.143,1.001,-20.626,0.35,0,0.266,551.577,-235.927,-10.08,5001.902,-52.544,-126.717,,,,,,0,0,,5002.438,5006.854,5011.783,5016.568,,,,,,,,,,,,,,,,,,,,,,,,,,,,,,,,,-0.038,-37.551,-0.076,-16.778,-19.062,-42.859,-13.367,-64.768,19.668,-44.97,11.295,-62.89,40.915,-90.664,0,-109.85,-40.815,-90.564,-0.374,-37.898,,"うよすま",-0.089,-16.783,,"-라후이-",-19.153,-42.799,,"まととまと",-13.267,-64.729,,"소솨소솨",19.474,-45.012,,"CoalCat",11.306,-62.806,,"AI",40.9,-90.65,,"AI",0,-109.84,,"AI",-40.8,-90.55,,,,,,,,,,,,,,,,,,,,,,,,,,,,,,,,,,,,,,,,,,,,,,,,,,,,,,,,"",4,0,"",5006.854,5011.783,,0,""
134,,8,0,8,7,0,0,1,0,0,0,255,255,255,126,5031.715,"Gonyong",R,3,65,107,-0.44,1.615,0.44,2.014,0.64,2.771,-37.094,65.261,75,21,5,1,-415.555,158.837,11.823,0,0,4,3,R,"muyang_",171,80,0.498,,74,W,Y,0,,,,,,,,,,,,,,,,,,,,,,,,,,,,0,0,,,,,,,,,,,,,,,,,,,,,,,,,,,,,,,,,,,,,,0.044,-37.669,-0.04,-16.887,-17.513,-44.68,-13.124,-65.182,19.924,-45.68,9.889,-62.97,40.915,-90.664,0,-109.86,-40.815,-90.564,,,,"",,,,"",,,,"",,,,"",,,,"",,,,"",,,,"",,,,"",,,,,,,,,,,,,,,,,,,,,,,,,,,,,,,,,,,,,,,,,,,,,,,,,,,,,,,,,,"",0,0,"",,,,0,""
135,,8,0,8,7,1,0,1,0,0,0,255,255,255,127,5045.52,"Gonyong",R,13,70,110,1.471,-0.645,0.579,1.749,1.289,1.82,-37.094,41.73,82,18,0,0,-329.634,375.954,0.504,0.038,-16.404,4,3,R,"muyang_",171,80,0.498,,74,W,Y,1,,,,,,,,,,,,,,,,,,,,,,,,,,,,0,0,,,,,,,,,,,,,,,,,,,,,,,,,,,,,,,,,,,,,,0.115,-37.6,-0.039,-16.888,-17.598,-44.843,-12.997,-65.128,19.228,-45.776,9.91,-63.006,40.907,-90.657,0,-109.85,-40.807,-90.557,,,,"",,,,"",,,,"",,,,"",,,,"",,,,"",,,,"",,,,"",,,,,,,,,,,,,,,,,,,,,,,,,,,,,,,,,,,,,,,,,,,,,,,,,,,,,,,,,,"",0,0,"",,,,0,""
136,,8,0,8,7,1,1,1,0,0,0,255,255,255,128,5059.776,"Gonyong",R,34,66,119,1.373,0.984,0.391,1.829,0.412,2.108,-37.094,70.015,79,14,7,2,98.568,-34.568,14.011,0,0,4,3,R,"muyang_",171,80,0.498,3,74,W,Y,1,5060.852,179,130,3,53,48,30,38,42.149,7.448,0.236,1.297,-19.898,-1,0,0.138,578.23,158.664,21.812,,,,5063.479,0,-2.584,2.736,-38.412,0,0,,,,,,,,,,,,,,,5064.251,4,,449,0,,,,,,,,,,,,,,,,,,,0.005,-37.739,0.024,-16.782,-17.527,-44.655,-13.053,-65.143,19.252,-45.95,9.89,-63.045,40.915,-90.664,0,-109.85,-40.815,-90.564,-0.476,-37.087,,"うよすま",0.01,-16.748,,"-라후이-",-17.398,-44.756,,"まととまと",-13.173,-64.998,,"소솨소솨",18.931,-46.116,,"CoalCat",9.858,-62.89,,"AI",40.9,-90.65,,"AI",0,-109.84,,"AI",-40.8,-90.55,,5064.262,-2.694,-38.777,,,,,,,,,,,,,,,,,,,,,,,,,,,,,,,,,,,,,,,,,,,,,,,,,,,,"",1,0,"Gonyong",,,,32,""
137,,8,0,8,7,0,0,2,0,0,0,255,255,255,129,5084.423,"Gonyong",R,10,62,94,0.976,0.465,0.473,2.119,0.508,2.592,-37.094,66.62,77,21,2,0,-39.983,400,5.477,0,0,5,1,L,"CAT tourniquet",190,80,0.547,,74,W,Y,0,,,,,,,,,,,,,,,,,,,,,,,,,,,,0,0,,,,,,,,,,,,,,,,,,,,,,,,,,,,,,,,,,,,,,0.005,-37.867,-0.028,-16.753,-19.887,-45.424,-12.937,-62.924,19.868,-44.944,11.148,-62.458,40.907,-90.657,0,-109.85,-40.807,-90.557,,,,"",,,,"",,,,"",,,,"",,,,"",,,,"",,,,"",,,,"",,,,5090.003,-0.32,-37.77,,,,,,,,,,,,,,,,,,,,,,,,,,,,,,,,,,,,,,,,,,,,,,,,,,,,"",0,0,"",,,,0,""
138,,8,0,8,7,0,1,2,0,0,0,255,255,255,130,5099.445,"Gonyong",R,32,65,105,0.756,1.941,0.338,2.093,-0.038,2.668,-37.094,70.147,86,7,8,1,171.041,-137.268,5.874,0,0,5,1,L,"CAT tourniquet",190,80,0.547,,74,W,Y,0,,,,,,,,,,,,,,,,,,,,,,,,,,,,0,0,,,,,,,,,,,,,,,,,,,,,,,,,,,,,,,,,,,,,,-0.051,-37.754,-0.027,-16.762,-18.884,-45.609,-7.658,-65.356,19.319,-45.171,11.169,-62.448,40.915,-90.664,0,-109.85,-40.815,-90.564,,,,"",,,,"",,,,"",,,,"",,,,"",,,,"",,,,"",,,,"",,,,5109.872,-0.342,-37.945,,,,,,,,,,,,,,,,,,,,,,,,,,,,,,,,,,,,,,,,,,,,,,,,,,,,"",0,0,"",,,,0,""
139,,8,0,8,7,1,1,2,0,0,0,255,255,255,131,5122.923,"Gonyong",R,13,73,112,1.419,-0.002,0.58,1.833,1.295,2.076,-37.094,45.589,79,18,3,0,-361.669,345.247,2.293,0,0,5,1,L,"CAT tourniquet",190,80,0.547,,74,W,Y,0,,,,,,,,,,,,,,,,,,,,,,,,,,,,0,0,,,,,,,,,,,,,,,,,,,,,,,,,,,,,,,,,,,,,,0.069,-37.86,0.002,-16.997,-18.417,-45.801,-8.739,-65.219,20.144,-45.942,11.519,-62.406,40.915,-90.664,0,-109.85,-40.815,-90.564,,,,"",,,,"",,,,"",,,,"",,,,"",,,,"",,,,"",,,,"",,,,5128.906,-0.614,-37.626,,,,,,,,,,,,,,,,,,,,,,,,,,,,,,,,,,,,,,,,,,,,,,,,,,,,"",0,0,"",,,,0,""
140,,8,0,8,7,1,2,2,0,0,0,255,255,255,132,5139.582,"Gonyong",R,26,77,128,3.105,0.375,0.528,1.699,1.053,1.641,-37.094,48.671,82,14,5,1,175.584,-200,2.961,0.842,-14.645,5,1,L,"CAT tourniquet",190,80,0.547,,74,W,Y,0,,,,,,,,,,,,,,,,,,,,,,,,,,,,0,0,,,,,,,,,,,,,,,,,,,,,,,,,,,,,,,,,,,,,,-0.001,-37.737,-0.023,-17.068,-18.633,-45.422,-10.153,-65.841,19.71,-45.656,11.478,-62.474,40.915,-90.664,0,-109.85,-40.815,-90.564,,,,"",,,,"",,,,"",,,,"",,,,"",,,,"",,,,"",,,,"",,,,5146.273,-0.149,-37.814,,,,,,,,,,,,,,,,,,,,,,,,,,,,,,,,,,,,,,,,,,,,,,,,,,,,"",0,0,"",,,,0,""
141,,8,0,8,7,2,2,2,0,0,0,255,255,255,133,5157.94,"Gonyong",R,10,74,115,0.14,-1.077,0.351,1.642,0.229,1.456,-37.094,28.526,83,17,0,4,-96.143,400,1.197,0,0,5,1,L,"CAT tourniquet",190,80,0.547,,74,W,Y,1,,,,,,,,,,,,,,,,,,,,,,,,,,,,0,32,,,,,,,,,,,,,,,5160.663,5,,578,0,,,,,,,,,,,,,,,,,,,-0.025,-37.746,-0.091,-16.632,-18.79,-45.398,-12.802,-65.361,19.443,-45.646,11.436,-62.44,40.915,-90.664,0,-109.86,-40.815,-90.564,,,,"",,,,"",,,,"",,,,"",,,,"",,,,"",,,,"",,,,"",,,,,,,,,,,,,,,,,,,,,,,,,,,,,,,,,,,,,,,,,,,,,,,,,,,,,,,,,,"",0,0,"",,,,0,""
142,END,9,1,8,7,0,0,0,0,0,0,255,255,255,,5211.081,,,,,,,,,,,,,,,,,,,,,,,,,,,,,,,,,,,,,,,,,,,,,,,,,,,,,,,,,,,,,,,,,,,,,,,,,,,,,,,,,,,,,,,,,,,,,,,,,,,,,,,,,,,,,,,,,,,,,,,,,,,,,,,,,,,,,,,,,,,,,,,,,,,,,,,,,,,,,,,,,,,,,,,,,,,,,,,,,,,,,,,,,,,,,,,,,,,,,,,,,,,,,,,,,,,,,,,,"{""schemaVersion"":6,""gameTimeZeroUtc"":""2026-08-04T08:33:47.420Z"",""exportedAtUtc"":""2026-08-04T10:00:38.501Z"",""teamNameA"":""Red"",""teamNameB"":""Blue""}"
